SFMT-2281:12-19-1-5-1:bff7ffbf-fdfffffe-f7ffef7f-f2f7cbbf
32 bit generated randoms
init_gen_rand__________
 816899028 2529810904 2984700728 4161010272 3805350266 
1279614432  425690784 1116614207 1104668239 1157865543 
2631428793 1738783324 3817657585 4038396021 3929248340 
2632374408 3059467376 1178391445 1548683528 2345690040 
2324785226 3565094863 2477561011 3810275196 2224650186 
3954132583 2271684514 3280953479 3453754330 1876516579 
3970777246 2889125929 2780400968 2196210122 1644459300 
3635678387 1265164770  996222486 1178405414   38273051 
2218496689 1581218069 4015321227 2976543678 3811184429 
 910419949 1761885375 4087026321  819584600 2800120749 
1834215650 1563887150 2843528502 2093436960 3284397394 
 643838879 1551579238  546347503 1386094991 1043222565 
 760929282  115889273 2329844900 3643949804  446121434 
1731770848 1699066330  692055352 1746525710 2579260501 
1195712685  453310846 2445241891 2733116109 1768560984 
 851520781  317426829 4077861862 4097862822 2766148675 
1026281378 3224734658  780097769 1724015980 4114094301 
3177787407 1498112685 1396388449 3919455633  309245542 
1764381464 3365720744 1002755298 2973254231 3298510080 
1794141014 3633502430 1263800067 1667428176  369193722 
2157664554 3417767090 1779123921  255412492 3613198765 
3569136446 2884229390  653835656 3686815805  395824929 
3186060366 2761354119 1204981652  369730960 1379323924 
2235823993 2508768466  314204115 1812049613 3518141961 
1494532689 2856417088  848968686 3662438435  279488891 
3369631026 3580032182 1206637762  712024745 3013005916 
1331854044 3062102203 1443394602 3391638353 1167618356 
 785106606 1922988868 3641344516  277524423  590765342 
4262829660   27773832 3514308659 4121349199 3666048330 
3559507556 3715041802 2472891704 3679211800 4166236631 
2902898024 4025924573 4222446530  877581995 3233930613 
2053662610 1180420653  229125657  637536940 1409347510 
2394745440 2112670281 2220740521  697667598 2997272986 
1999799070 2453374458  404373343  163619230 2859970083 
 640846468 3979417504  257079139 4092060031 1872202164 
2300567239  361762578 3875507443 2846944059  709052168 
 506849691 1398687851 3305944453  135557337  786787464 
1727900681 3292895892 1074939372  394728759 1279739414 
1683727173 1284262575 3976622897 1253275589 1601967242 
3245726185  938262741 3999151982 3219043728 1669026027 
2570292706  290046311 1837784354 2997894165 1604984294 
2033170034 3647929959   92704829 1698375661 1128145623 
2052247063 2519822621 2785562856 3620689648 3877865686 
3655550747  246626292 1568212770 3948196404 3430798875 
3651938126 1096765664  604642100 2875150256 1249478362 
3377416797 3225140890 1876298020 3379370917 3269858749 
1681247177  490735198 2970954457 2786999707 2697517850 
2385232651 4199969798 1679098127  674448896  413608691 
4069896971 3488373551  675439588 2303940341 3431129901 
3440407031  355880536  555971775 2975220887 1984883183 
2561826762 3456343294 4276852965  515113896 2346559686 
4216818266 3868203994 1230445090 1014102773    3727532 
3782113807  489638922 3013259665 3315120982  511672242 
1755482090   43969573 1851687649  708406454  441251227 
1448680893  266807370  546480825 3498734391 4026033057 
1120042845 2091032077 1926113476 3834654021 2065941214 
2657147089 2594621201  515419744 2985520413 2880399846 
1703547422 1825770272 1343471268 3822672017 3578894293 
4226603430 1179188874 2935557378 2148556167 1174352915 
   6808872 2399670423 3362526488 3600354199 2463065760 
2760200984 2653276527  573013077 1788294601  545520975 
1615264775  714644932  196447461  749440090 3315497900 
1058138433 3662661467   96530802 1042136735 3269229051 
3806615013 1823124873 1818008236 3048271452 2913374020 
 271537122  314211144 3145433497 3083586822  590085584 
 678091142  521794900 3323265008 3508531491 1248703839 
3770986579 3350859642 2169111248 3365920750 1515501107 
 619164448  678942152 1743777205 1360850610 2869746499 
1358022040  163255738 1596158819  848725397  727258867 
1172011040 3389592211 2886231105 3538238822  531366241 
1971487854 2028669184  857976654 2759811165 3282756330 
 134723676  459684557 2267766346 2855210224 2165504088 
2962838672 2634891834  788411108 3425579347 3152602900 
1901537755 2008548228 3977207737 2220545652  236116757 
 114043513 2697833317 1331333716 3888681448 3964179947 
2761997244 3855349155 3587642110 2118570649 1664724454 
3265510726  600524259   59607158 4196187997 3563094563 
2441518232 3122406656 4267427840  822788108 2746172619 
1944125348 1236508147 2750023635 2390237980 1029072381 
2472991086 4279104258 4224627823 3709142444  435666415 
1299933065 2105551419 1692111720 2421152364 2666185353 
2877138421 2053373117  318612861 1979998910 3411799123 
3249432174 2388467144 1088086362 1753262185  835024107 
1208247744  788443567 3075719935 2909310111 2322692637 
3557879327 1256428985 1428653864 1132823743 2637808835 
3901517820 1317252313  709877622 3865555255 4270070506 
1601033365 1754197085 1599659585 2595040135   69678822 
2159011084 1239892911 4009521976  609927430 3357043468 
1172049703 1714027948 3417911333  903211542 1375845927 
3296762232  729286900 1450645278 2007123082 3911689880 
1804336922 3791901897  976209777  763233902 1778772089 
1123669611  368035285  978733750  750487385  372015174 
2032130518  620827236 3282016487 4196160590  862903087 
1030759961 3967478517 1467945155 1299178346 3870547528 
3491821192 1780205278  936022646 4288568420 3417886343 
3944924094 2919520849 3161789319 2955366051 4040493426 
3296618498 2325910317 2776530001 2559227848 1581597070 
3553934504 1653953674 4026643034 4033353310 1370496626 
2926750211 1810900353 3694381893 3573573155 2119908610 
3903451246 2375236422 1398198685 2731327983 3839515392 
2102040430 4047526134 1446916131 1007456505  660143994 
 456191633 2810249183 2829218541 2717617204 1097379533 
2049004540 1168597546 1859596394 3861570037   96276716 
4086357891  464518321 3008924340 4254602251 3749242324 
3244589088 2002625154 3326033644 3449966565 2735820086 
1230058008 1321330753 3292038499  275362798  275916405 
 902751779  289171378 3826434746 1459184217  226538549 
3644401945 1040393247 2042567170 2233481513 1646423540 
1531307021 3048319795  662650618  475521545 3641557843 
 278489693 1980923958 3685637415 2257437852 1634839570 
2642976099 3470388235 3282840158 2117252785  381835370 
1916736013 1548932191 3510021704 1063277541 1674901724 
2327182676 4166887140 1255107139 1599510546 1339487153 
  37420553 2860168947 2169029112 1634379425 3065240292 
3362743767  868962195  263078329 2486245653 3136302351 
1324608078 2417725134  892426712 3698937314 1510120597 
1005224151 3961251591 2065915279   70596668 1671097934 
 319080692 3277843989 2684870298 3278770348  596636344 
 739047890 1397442078 3622072315 2946087517 2870077019 
1596712897 1966237483  470363521 2785682585 3230738041 
 433415607 1415200785  413671098  471662276 1539972827 
 862973352   43745579  382806195 3656530248  287925306 
1849907006   97226555 2057917334  266700817 1406351488 
 820604982 1947222357 4061582130 2661579331 4139252448 
 322593526  161616496 4100877342 3254880213 1250217778 
2622800801 1412552219 1939041111   97771915 3842128746 
 973804625 3990924385 2493365265 1706974605 1930105428 
1788039434  276683724 2234964285  566806433 1102287487 
1536694295 2641638976 2491718177 1772340381 1557550709 
3068144209 3814164796 2610962264 2050162415 1939821410 
1944167805 2695045527 2003312269 1433539020  715509192 
1061791099 1807908624 3857862952 1713001137 2398449136 
2567584300 3913387682 3478767617 1974966532 3360986628 
4131239017  238912503 3190282531 1460335778 2989681704 
2957199364 2551179516   62460310 2570098214 3490157638 
1203311625  914395035 3920357265 3335505726 1742462322 
1917246433 1198783741  503622830  635733614 2567181448 
 908476152 2435299592 3895137584  992081470 3102965528 
2633093378 3894015089 1652672327 1591202621  654401518 
1613115955 3965523016 1460540708 3985313908 1941826903 
1218768752 2768951680 2276338386 1705124290 1440728730 
1670332906 2039801924 4152813223 3724448647 1873534722 
1830937926 3309111254 3023888224 1358324386 2578489692 
4133491788 1883886556   88305226 1768660496 2602269485 
1945814418 3262429138  691085484 3632864730 2077490533 
2363410457 2740719445 2592261156 2453695457 4206196730 
3741676854 1490294718 3550753101 1139715083  418093773 
2103826225 3919131860 2645351362 1606743166  580726424 
4077894669 2477207969 1655237468 3817519618 2612971662 
1579202880  342204206  744212569 1348109452 3501795286 
4144017734 4277741359 1425311542  565480072 3480505439 
4210045701 1952835462   43452966 4216782297 1493947967 
2851599647 1097905527 2228846805 1090239722 1784322048 
4280500441  471375895 2735295314   37051833 2321761463 
2349109722 2497874692 3664449996 2568074166 4075873757 
2650219319 2984037886 2868473007 3244493524 1788551885 
4192489642 2088858684  709686434 3960433705 2806373381 
3554000080 1172722176 4115728976 3860414220  120110920 
3141470177 3525055282 2716448995 1208199737 1933332018 
3361117921  553900500 3859903553 3153060592 2944103821 
 548177270 3671410086  713586644  574043873  449010961 
1903213836 3241729865 2910180989  993485553  156459400 
2189238404  249235939 3759258600 1906222357 3061540655 
 605359407 1997159531 3531126762 2828611105  480758515 
4251322297 4237288577 2899370982 1343346297 1992941345 
2486358087 1458882926 3104184503 1772166441 4040304222 
2575184450 2539025057 4058880215 1844144898 2081179737 
 780179577 2937304194 3339697853 3797549795 1765656341 
2453231746 1093786976 3820326505 1309279495 3475439173 
2239854070 1641669977 1074111409 4229776415 2445632577 
2381696443 3971999116 3368473853 2214484098 3200937513 
3488727861   51030215 2022175307 1569834332 3177964915 
1051093116 2423550978 2624908447 3877182066 1143184335 
3083377280 1607090636 1335712863 4176321550 3101248186 
 738175440  873588785 3959241421 2457403454 3075458850 
1453556155 3007878954 3566901912 4096404192 3610783821 
2348694477 2913251105  285631840 1460601547 3062114428 
1919191503 2936784144  631755322  494712270 2175057382 
3503836056  681508091 4250949169 2314193825  453239697 
2795143942 4023675650 1744370572 1088360840 2779986192 
 885199046 1807303464 1790325254  196315193  318597666 
 315274352 4038913294 3989117482 3224884369 1825152543 
3963230526 2240048110 2132329030 2315997864 3015547289 
 467010649 3821768224 2878813435 2596309465 1742689955 
1062265029 1808591155 1833247679 3866900109 4068473589 
3972564838 3381863987 2322112988 3986871350 2075664387 
1998863215 3673088649 1502467362 3599954507 3897040992 
3940877136 3467980809 2250373232  442582284 3360517568 
3648406506 3348749078 2819110150 1227224748 2024523259 
1041332325 2479402472 1119467221 3310171390 2391400394 
 463751984 1505368385 2955430825  515399378 2563370043 
2425369464 2816833505 3561445428 2203004970  465263254 
 168098309 3684101223 4052226269 1610669110 2138714201 
 737469404  231439360 3757258226 3719836631 1573415501 
1302418576 3144671290 3006711121 2228080897 2329206088 
3153167084 2370023948 3235827454 2560232745 1065410209 
1661425899 2659284686 1476106894 4102667796 1583341668 
 439718779 2084624920 1062068117 3874846970  683338096 
2662391944 1176696104 3587947451 4098993357 3140998698 
 870759742  623529127 3458807285 3341615957  195614711 

init_by_array__________
3144719680   30029983 1639299213 3166735680 1400938729 
4210741058  246002107 3003685920 2351192325 3906801022 
1193460972 3763579543 4162818920  904580094 1849642234 
1901989593 4165125265   46885111 2823390370 2815738166 
 561799266 2770955911 1923881802 3845637221 1798467732 
 344547253 3601501396 3773224527  917423687 3357971917 
3199286984 3690279719 3287812755  952365470 2564671164 
1495959583 2999115668 3035781453 3438806605 2996867561 
1256680977 1243044451 2880983964 2141339503 1929970209 
 608137051 3947555859 2165686426  396001878 1107844991 
 321962518  857112683  370556188  870856339 2149697617 
3027002906 3549173102 4237590679 1867670778 2163081121 
3871897180 4084266701 2571151456 2055418072 2587651247 
 966273727 1267989787 2634498797  759225841 3314091800 
 808228151 2670006269 2605397310 3894115828 2422677601 
  61360736 1649260700 3654239650 1562454166 3903379985 
2660399003 2093796491 1119669251 1668668967 4261475682 
 674987509  620532388 3696522987 2665030851  616272535 
1374885124 3301869655 2409104440 3103496931 2620574036 
2422668638 3956171801 1269467810 1700037334 3960542466 
1480422599 3956660557 1162530189 2214801652 1003865163 
3874988979  688113766 4143778851  418214219 3617135304 
2192368929 1901066402 2417779699 3972928030  457524278 
 442363338 2852064881 2947576292  645256600 4202108451 
3881220885 4089887278 1174615302 2532589117 1055602100 
2539633470  685091547  691536395 3708322807 2988469474 
1474335600 2137744081  268413667 1002286150 1297447440 
3985677254  387262515 3059140057 3647155344 1155010538 
1867328360 1996497175 3209124260 3343182567 1427876750 
1861675642 3532532621 4230574926 1696411674 3851885113 
3331871808 3666104246 4034966319 3912741529  270353743 
1762958080 1587509061 3333878387 1186596232 1385994526 
1687539313 1189774485 2289894657 3237546914  339266132 
4005023382 2639203748 2850765900 3771610571 2510386591 
4176103620  491103734 1579508365  859216651   51301705 
2868784560 1646085351  147852393 3069947618 1680665143 
3675186323 1624069081 3949922839 1831953541 3265340292 
1579911334 1028415836 1643889446 2477504391 1222960746 
3628157520 2491108803 2886827672 1591719149  910966226 
 206696855 1232863511 1046336830 3492763244 2638328643 
 865046446 3919892969 2526175880 2352783718 3049013958 
1684135170 1222913325 1959237404 4213939616 2157700187 
3025882446  649859979 3376849558 2027581591 2296648620 
 522256609   77301159 1389557357 1271110848 3524659715 
3231681712 1819219844 1606785669  237949418 2032368535 
2814041873 3733932590 4067183633 2620739551  209969362 
1171745213 2888147249 2567684263 2153608204 2901164391 
 817694202 4245986831 1171458278 3967311422 1834638711 
3527289126  351412409  463498358 2985848347 3532523318 
1061370849  459395184  605521249 4244276818 1962754515 
3543828183 1642883023   38359978 3546142271 3521697770 
1651048418  703464199  388839557   80307599 1707917651 
 415685988 2195147113 1354838206 3886949455 3589798290 
1167320445 2891457930 2134534480 2522980595 4145554912 
2627925345 2528499356 3249144421 3919003953 4190991986 
 101039783 4199723003 1767450914 2236277891 1156414781 
2682841018  541016357 1825670548 1902632843 2416464018 
 754779197 2136276021 3221769526  951481804  901790466 
3891874875 2938940829 3360700903 3959205742 3374140478 
1281538380 2438793969 1483519067 2854024950 1423931607 
2548585945  303695785 1844285145 1297594724 1667595664 
 389606953 3802773053 1146038930 2820488158 1072045116 
1113139860 1641692939  440523253  999006301 2058451381 
2986048262 2848697730 4025538901 3121812228 3919593423 
 871660956 4142693421 1924532205 1910806753 4142166185 
1805437400 3397534300 3474207879 1820711894 2577045152 
 959123886  258359259 3709711498 3171585112 2572797226 
3046882963  652271814  468934460   96538515 2973996123 
2892632939  958351664 3565569355 2202783744 3443598377 
2717573199 1181967787 2173524557 3199081837 2020471519 
3832996797 2030799564 3503174144  652954350 3962776284 
1076549635 3506864427 1041825853 3043389907  142653815 
1752985848  686442632 2481933400 1224413696  656115965 
2179277550 3347068558 3200335804   95784608 2123354752 
   3826895 1980440317 3782207482  325002378  503279840 
4017640480 3209374094 3318682318  914241560 2819813870 
1966587440 2926163888 4261765845  876498326 1743029339 
 338255889  935975124  618637085 4059808827 3456158813 
4284617661 1907738501 4145260845 2912421610 1148182757 
2881547907   17718610 2102520006 3405289251 2906309675 
3972745075 2764035676  701837719 1223337859 1049726310 
 594069713 1612594198  305255906 4075538851  958502860 
2800289791 1571417281 1574451143 2321880886 2292191315 
2885970749 4179590121  419384867 1946896394 1429519827 
4188461808  921159472 3910810348 2631172194 3991107392 
4212958658 3661845694 1810935406 1552580826 3827604589 
 386816439 4215574765 3617994114 2667106555 3673562907 
 906995995 4281941699 1353236717 1446819412  935183602 
3123999498 3983298597 2424575982 1477602810 4242674259 
2561947795 2833345810 4163717626 1143441479  628118799 
3700731631 4147940486 2443786276 2015336223 1980707931 
1818883750 1269942655 1852032933 3703715862 1309659054 
1504157621 2820261949 4177937525 3118195115 3112736380 
1735650650 2726291279 1694032167 2249046111  923047627 
2796140914 2629729807 3186393319 3816651765  372407459 
1356864623 1730654047 3892306369 2536303278 3261317705 
2486306856 3022927993 1936641018 3828188998  118352853 
2266829002  960449808 2455502458 3298616402 2590956680 
1420018659 2426044457 3017493145  610258543 2469700828 
1231780549 3615477667 1916854829 2517813987 1331780247 
3348151466  147542513 2405809570 1765153938 3182778444 
 259201548 1442082832 3747126177 4119855713 2386038469 
2035051985 1468713739 2547395440 3821564001 3656057708 
 310120432 2232617797 2133355795 1561106113 2834330127 
1587799889 1355584811  173747358 1504279745  396921482 
 266992237  384650968 3783139334 2157166362 1088894635 
2879379028 1130039443 1817903660 3640122600 1212071933 
 620197482 2403911896 2726302551 3071573989  798580146 
 557392967 1426844153 2560135628 3476227407  640561173 
 887778035  415957595 2557387138  968133999 2209113245 
3862017710 2944235995  979407776 3855454771  798037118 
 100165520  163402313 2714880079 2082834782 4121784969 
4252537031 3443235140  671552018 2653133751 2694948841 
4021825370 3132660095 4247624206 3526649267 1528342325 
4174276241 4262899606  567350054 2176875325 3621464582 
 588539913 2782667956  838099590 1714431578 3344101223 
2102810848 2710144265  231164735 2768215950  129713106 
1571305822  221673401 2452989275 2230326562 2808690281 
1737118910 1881131613  214085183 2526335860 2823612301 
2690582866 2790815750 3340434836 2618480083 3584998106 
2721482385 3345525484 3410513857 3423684362 2492843219 
2927649361 3531307689 3944970788  227540032 4046548408 
2088857909 1740207976 2947446314 2679625992 2924438726 
1159570367   19251160  663031330 2563227426 3948040935 
2120519577 2625608081 2514080103 1205665288   19636779 
3268108625 3565154138  257175509  812503520  410647501 
 763020667  610348186 1535968199 2004983220 3539825721 
3679630091 3615182985 3318919881 1018623859 1256930437 
3594745358 3988536074 2183407559  236513610 2325113418 
4006439010 3009107067 2135968082  562007763 1165820690 
3119494966 3746632150 1050624005 1269927618  551872993 
3582740718 2888140354 3027769014 2758265458 3807194847 
2188931814 2659875829 1368107467  464474838 3913461513 
2855681718 1900424431 1769240030 2008986982 3871311883 
 980699038 3607973150 2288691464    1808488 1682547987 
3074273594 1133663078 1931018299 2661580815 1140462012 
1957362395 3609661081 3268354866 1368288147 3897560558 
1461820281 1185500055   78687382 3588020250 1321581273 
2475193153 3751983290 2691085119 2806830388 1100332428 
1548094489 1860632827 3779340584 4265701571 1004376368 
1825621448 2784866856 3423801310 3464900662 3540350033 
2684638642 1737581863  183379540  562923875 1693223542 
2541805029 2476523181 1784191994  635508831  433074773 
3781577835 2953746522   17006794 3577479716 1311803263 
3225173327 1845612899  731077191 3046074794 2188496307 
1342808812 1870707926  380540872 2171327453 2573239143 
2349506741 2975940384 2305067296 3636388743  324658310 
1300229029 2252212549  881254430  857229559 1117505715 
  19579757 3742835097 2855362701 2649009396 3777789611 
3775887498 2615878665 3989461915 3112931720  588669263 
3988437882 1696270640 3706868539 4152073359 1237827524 
2517318579 1786727542 3961783276  565553503 1803741892 
3780755523 1363947408 3822204919  699974423  682009960 
3423435931 2866810758   41850517  893895054 3018602157 
3493668917 1353407377  780793825 1794319410  208925743 
2518462565 3266048009 3049904051 3289535185 1728090357 
 489789879  536162157 3855935039 2319977628 1270547464 
1856958366  180417565 3823691258 4069443304 1158468785 
3496276671 1375629330 1420359495 3534323192 3518641308 
3088081400 4177706954  142203802 1500479829 3071828052 
3937008042 3159294759 1928539406 3497398090 3131385618 
 714257583 1908058862 1210128114 2769829276  416794343 
 906251214 1812221600 1864859005  286018696  835940589 
 243776200 3283782188 1085959747 1360849031 4051519297 
3973393227 2856184934 3653467683 1151630693  812621116 
1836437797 1034350259 1953133959 2682963557 1676756942 
2278617242 1196786223 2879466866 2428007574  867714070 
2182593716  679287813 4280972432 1146540733 2574999339 
  34618034 3989827742 3460711046   11081671 3852518119 
2777273098 1178437350  908635549 3789723034 1674052873 
 659808851  165384074 2389366854  623395229 3134350242 
3155177669 1044113334 2605677172 1553889457 2369539546 
3711282320 1034165926 3062249868 3240212555 3975219765 
 974239058 2076185634 1788997082  200099441 1378069477 
3732520531 3252180121  624145932 2403366224 2819058868 
  43855081 1318751958 1088256690  850968167  241089873 
2587970839 2866027237  708534783 2191634836 2488088535 
2898606441 3118269454  127018438  628453232 3487986736 
4201665671 2698882191  733824847  946623213 2127515135 
2258651197 1418611171  209261003 2114586351 1598285361 
3580611092 3822063319 1555259591  598461514 2511002387 
3022928890 3186332559 4155589357 1586371441 3356171644 
3245224962 4116405901  840206674 1108636423 3262819804 
1562880111 1928937926 3077156964 2607571992 1564305796 
 147941660 4107063317  943950762 2631608628 3464706327 
2422748629 3013551845 3855122996 3704215111 3586700100 
3290023613 2734212792 2375798578 3796535460  938429367 
3609129419  556225257 3544288405 1488710320 1196934756 
3606668976 2809743844 1034641770  681187514 3059881558 
 895484537 3248582540 1522555790 2215032888 3763073051 
1237818225 2392667754 1704752819 1989008103 1110700303 
2416781264 1929525334 3392556873 2270668644 2835987911 
1959704977 1479984555 1669541868 2448139361  364298562 
 412566471  143175275   84786299 2115007720 2258889800 
1614438832 4248452727 3671350612 1065619905 2601845713 
2075017753 2659924946 2771323989 1031907666 1447484496 
3427774382 1959810889 4167798514 1287533728  232072677 
3192646933 2623994184 3747530834 3992551011 1153547871 
2650034770  581442184 1012736926 2255458706 3099952298 
2441904759  141653443  661979435 2242682681 1006984333 
