SFMT-1279:7-14-3-5-1:f7fefffd-7fefcfff-aff3ef3f-b5ffff7f
32 bit generated randoms
init_gen_rand__________
 243307689 3927268025 1225611617  570598983 3842545525 
2650524507 1977115969 1192210573 3351391148 3300947918 
3372624199 3407802072 2630055668 1419320069 1694567123 
 363293933 1331811503 3765039298 3154732976 1386095844 
2088338954 3179212843 1879834946 1381367989 2758426993 
3290922490  459138429 2772088455  284265626  697699287 
2148849595  828780633 3291316348  576422791  275230034 
1474356354 3722028763 2138031578 4177103613 4137339754 
1232401741 4043538928 3427323307 3595434744 1906729682 
3659489301 1834256938 3029202183   97587821 2048440394 
1397222890 1811198800  996357950 1380272924 1277165935 
3490746181 1680324265 2623226542 1602432444 2419914264 
2277911980  708544804 3187699868 3677337889 4055859070 
1658078881 1619018022 3363378158 1921644290 2011581383 
 138070253  675769351 1612877422  273511944  468596116 
 182470517 1706841301  373389314 2364268025 2312437139 
 448125051 3371514413 3852314136  279816466 3571256055 
2020707519 3176603579 3648714571   73041169 1264080802 
1750460123 2183872120  455542005 3869855862  374947339 
1520351483 2830648441 3198824746 3507964709  571754801 
1289854592 2337973476  146275613 3969269402 3262119711 
1216813420 2294680347 2840195745 1850086589 1856100637 
4211340098 1377510072 3853102437 1902663352 3538391489 
2996326854 3231264057 1101032772  758447978  187810425 
2439774579 1017833835   59587497 1928607216 1617764019 
 339047277  930821830 2586071960 1063510137  515302564 
2412582028 4002288056 2144553442 3999925578 3233514864 
 619406521 2768097132 2582590481 2898912566 3470045815 
4106179272 3524913242 3519280152 1599328782  461871261 
1873369485  522553804 4255857469 1790117270  967937857 
3501055558  537302922 3413332073 1622333710 1603949374 
3517907836 1815470840 4135030570 1503354583 3071191368 
2538465807 2338077641  131769633  695477236 2245554640 
2740236084  311302898  248798748 2430599814 3077330694 
1940402939 1142414789 2907537091 1195230066 2697684038 
1797253757 2515741922  103457008 2258780711 1138069055 
2175573922 1664952435  665429891  843477118 1418756165 
2374105774 2150500853 1571861609 2878173292 2234696811 
1862239359 2279641173 1412473876  703013607 3897836242 
2284477080 3560958856 1867204569 3484825299 1771788197 
2158473514 1161647906  813597051  204314377 1659259675 
 272217365 3808336509 1932286213 2684787307 2761326701 
 566346011 2523251293 3652281601 3937549568 2460713748 
1715085688 1074092064 1658456308  458444117 4110560247 
1887246870 2203038418  235896608 3259567594 2778304053 
2638655950 1507956570 1989069120 1953523639 1634682606 
2658186222 1706309507 2499417418 1100978532 1454354270 
 424020092  842389406 3125613306 1985184029 1335501806 
3094759426 2118755645 3554268828 2362609340  359804516 
1940034183  110009715 3588492799 2092384927 4096477125 
 576242245 3368796173 2327930223 1259021278 1329869184 
3927489155 4236819987  404005503 1329834932  685658901 
2492965223 4266282709 1178383025 3090023471   57331106 
1980118524  955118412 2997154768 2724738534 3009083860 
 569830663 3676347180  723796622 3505006386 1638332449 
1185444609 1747872198 3449879675 4160951800 3093444586 
 389983725 1488273052 2327551721 3110370112 2688115225 
1163526508 2076072949  884974157  610684798 1580810842 
3055229619  671133067  436611424  848802126 1082755279 
1204462154  989074252  986665864  286230035 2492361985 
3095172407  854557911 1505130850  221230931  214812920 
2039406056 3922867961 2413954396 3761826283 3010868473 
4162989495 1929326878 1922083823 2533458315 2503189307 
2338900678 2102656874 1658135241 4055553566 1680235492 
2308340235 2987180055  389060953 1846235420 3981604027 
  53813536 1224570427 2847702043 3542845181  383885763 
1130173784 3187625887 3206056132  712901702 3507774978 
3753119158 2424089455 1811631923 2260041572 2466447016 
3850375562  873876296 3500042922 3840692059 3334991895 
1719151437  604450411 3300111865 3143257251 3913191458 
3689590482 2231740425 1146268819 3535629137 4206151297 
 572287146 2566544038  548851452 3598942369 2656958901 
1084324546 2426482567   42148969  142282925 4133002117 
3483160256  149104302 2001829841 2337060178 2383916317 
2035481560 2041759447 2495503243  768395644 3167810051 
3638841514 1940382470 3033981507  157556709  778957423 
4019145337 3274590968 3559746317 3266470743 1150215464 
1574599700 2135553359 2712354080 1516502257 1558537014 
 600268054 1109893079  995498023 2455773654 2331891975 
1806115915 2358087283 3236532773 3576921624 3889611971 
 903148351 1981654469 4262286007  338938067 1807836874 
2052603591  889693974 1440199441 1102024144  761032860 
2638670359 1193628098  974077300 1487266359  331191160 
 651970989  635783103 2613516326 1261675221 1407602233 
4065786152 2230985684 2561318852  116914299 4113660294 
 372587256 2923425930 2125443286  551419957 3830182440 
2960138236 2041060611 1664933527  920683498 1493156584 
 656673121 3886029759  970612110  998770833  668426918 
3881762784 3412024868  797208815  512631264 2479235109 
4196671971 2612943159 3447997343  981308402 1465942691 
4258902547 2491408924 3462040745 2122826714 2575985604 
1936785778 2657831725 1501699308  477453942  772382821 
3548450617  300349179 2127078044  296131829 3658712744 
 650332035 1834152944  243879565  190176099 2203454009 
  99956383  685426307  128058728 2929998788 1945236876 
4150233994 3860976209  661234083 1471520997 1666382364 
3080172348  259318961  572929904 1100426287 4191359454 
3235499964 1046235034 2630718304 3129838289 4136748761 
3539720609 3976281042 3165364769 1330939836 3400782203 
1334607851 2241273387  855844892 1297221007 1357150235 
2489518287 1557769541 2397305270 4294513014 2839645351 
1125225232 2114284729 3348437881 1254408346 1766690575 
3048489792 3984173540 1267719328 2999289144 2458016726 
 309143407 1242110708 2812297574 3273840162  839867982 
4147583716 2070051583 2375214037 3160353392 2239522337 
3317592261 1446706845  919513410 2409805086 1665952546 
3124141237 2494522707 4073842322 1999507897 1357346844 
2026257344 4053196719  413561071 1299052303 3296456753 
1359350913 2584437509 2164106054 1906708382 1694946636 
2278061153 2623126493 1007604923 1732931691 1027605291 
 130669652 3098584233  343419409 1392724360 2361010930 
1432673180 2629969452 1134250972 3336368801 1265875481 
 294793551 2782613173 4177474983  667162989 4094797143 
1885199780  456236296 1914930778 1224799774 2466502791 
  64866558  654281350 4180600511  899913719 1668746941 
1534812021 1741722225 4022070021  117981343  593247870 
  19621335 3693512794 2737959212 3788895542 4074549995 
3673769440 1082250204 4196895557 2043617183 1827577995 
 294711202 4070382067  577072527 2836270245   89171809 
2321557780 1733217446 3095784821 3210131227 1574160296 
1264037086  156882828 3860461939 3200806462 1012089079 
3216640393 3313554265  934929736  139204567 3773157069 
4069275623 3657302301 3367880859 3894185380 2622366450 
2879296239 2820441187  733486613  193589593 4169451285 
1404663971 1951265220  465025209 3805801053 1410891819 
 403825953 1671201407 1079261766  131498694  652649109 
3458742704  171702478  773603018 3627251619  740792554 
1694503643 1499160101 2699823666 2399829724 4057123765 
3788391668 1818310211 3623536177  855107731 1766324829 
2708995454 2573012777 2223077190 1626358626 3872990141 
3238079449 2623630495  973241668  788074019 1685775681 
 506864382 3932638192 2708837465 1894899797 1636345010 
  41547975 2466265263  582141619 2451431587 1494430856 
1671987268  477848912 2123325303 2762260835  627636365 
 133948118  313935922 2416910906  299205336 1212667597 
 684643609 1002038080  657161622 2499666462 4043132408 
2963959263 1021307457 2271915975 4074991297 1032583855 
 992435695 3789253376  404676908 3157779991 1255639032 
 117667653 3198051509 1832805842 3990938705 3495412250 
2096110988 2051253187 2231922298 1741938094 3571792959 
2030352786 1060613516 3937016435 2075693405 2254767111 
1702403132 4083249181  754385218  151918790 4174653586 
3540119065 3829244448  326165234 3756914698 3144835628 
1493148100 3577628024 3586217148  890356621 3785045426 
4105137657   56175760 4070460799 4218525406 4122608639 
 335829121 3310952079 1366219900 3180624723 3722879895 
3669520531 3111243641  666592444 2608256776 2915785163 
2255808676 4034783141 3654142398 1625056644 3516524622 
2670125358  206920446  579347843 1493975508 2262966981 
2404594249 2892390122 2056478367 3198325018  596475293 
2321797432  396140749  138983385 1618219277 4250904742 
3032834806  423671549 1360932374 2584003391  181445285 
 686584262 3208920064 1341949426  220358903    9471733 
2795732004 3377034001 2990194391 3486241431 1701163680 
3862826156 1866797172 1247303606 3954560752  817988160 
1713310212 3764070466 3183598090 4130463065 1485218893 
2365745133 3347596356 3587379582  622968568 3534486352 
2301927366 3468865559 2347320885  435767869 3807107480 
3777085822 2340067200 1098731295 2327785223  403445260 
3866810735  688574575 4134388103  642120144  499472064 
1568147160 3296780690 2871968723 2875210391 1896179293 
1853147163 2835166628 1853367481 2454305808  600536991 
2443929811  315106420 2328335076 1683105123  384265381 
1845998326 3673705166 3996716053   91692742 4172029073 
 363425183 1684676538 2654123344 3660082040 3359702927 
 230951962 3853113523 2775651726 2816073988  787546797 
2438098980 1273462350 1012417676 2105251513   43746769 
1384474423 4241231474 2963962421 1584908388 2169420907 
 988156308  407513623 3111345078 2480695873 2625529975 
2564516786 2972744330 3444964361  143194736 3576215512 
 526450428  499279381 3809598464 2691987658 2152629479 
  96969524 3205640565  499292085 1916666912 2232616585 
3428023186 2593900305 2066585340 1677708638  721675102 
3285601716 3194701468 3630699081 1329243126 3964617782 
 959532177   95357895 2867616947 2370655880 3400382774 
2796661450 2935483337 1192655634 2520815974 2221188282 
3737544917 2690337649 3795432961 4223684846 1723055481 
2595621141 3941583985 3580798337 3816735556 2364385201 
4210666486 2774901662 1079008505 2011387204 2347258467 
1554710802 1878757983 2405820523 3742535999 3358304258 
4187889110 2522741250  916514934 3539199701 2602244649 
 895328533  507068499 1749961391 2117575035 3233311788 
 722462516 1420710957 3823466309 1232808101 2873281059 
4254045711  310396089 2868623773 1867877112 3664246818 
3170594987  447640912 2413609145 3950122223 1502992005 
3898968148 2355522019 3565785477 2197256721 3813063371 
2062612102 1539725152  913003178 2117919546 1421914458 
3732402422  757025681 1566890241 2832377646  842445000 
3277491540 4287634730  477786633 2885092342  298934263 
 170957263  461671007   57440856 2036449706 3248557400 
3456524307 1713969615  528806514 4146625954 1224160913 
2970337440 3488296837  989961242 2504332083  140371939 
2110765652 3136171575 3560078074 2089110433  674437691 
  52666355  283533388  107852814 1685728471  877293439 
3245779551 1451314658 3885554784 2517707398 2895653070 
2059007918 4112755052 1238696154 1862145631 2265976322 
4173645036 1515296246  951918382 1587890716  170113727 
4222981316   72025558  144843233 3432962087 3506287882 
  66657331  637106837  406927341 3964420203 2127134160 
1327235047  227339400   97109542 1814799261  340888197 

init_by_array__________
3571940102 3358790577 1185377893  490641923 1689429829 
 732262387 3476409702 1055721586 1704668571  131833278 
2318686164  971677888  489886788 1418897399 1420774349 
1452598647 4068357231 1471535202 1665208152 3226458127 
2456051265 1949316429 2137468927  256540922   83856426 
2006892539 3954930952 3444850271 2144456509  667300435 
 365125488   29815556 1780999112 2625638364 2974921225 
 155452962 4132153609 1779450021 2462683988 3734298329 
3878785692 1635530071 1705576191  701042291 3820213232 
2233077098  884075658  254429520 1513242945 3334830243 
1390864725 1877605359 2763549443 1948880708 1891328177 
1585113094  603478195  125346629  231314253 1966842545 
2201793570 2787193689 3760440224  481858146 1139816234 
2397713582 2712201505 3064064456  394703180 1495238581 
1026471579 2115261916 2754606686 2242415505 3670758642 
1053897322 3050647041 1916540206 3399707307 1314360401 
2712258786 3281903731  727258282 3094778985 1243543918 
 951715568 2886115274 4223428131 3546726905 1298208683 
3483958828 2583238640 3800071103 3109257770 3703211908 
 416176931  664013243 2405005885  343959342 1471852804 
2401944148  671028434 2095292197 3603871685 3814105342 
3470299634 1696204622 3546335689  537574339 3912873409 
3799566778 2419073237 2722379502  916321360 3500567111 
1482403017 2136215999 2635218234  763506253 4037302613 
 375658760 2131597793 3301615917 3285276631  489786570 
3803284886 2681849072 2379733379 2880996717 2923461914 
1149064352 2584775699 3933481723 2147319579 2291550411 
 478510147 2355756378 1242817125 3213577511  139091875 
3133862487 3287580807 3408321628 2157352262 3273500758 
 952098632  993851028 3216519923  180862681 2169029865 
 638557434 1236032756 4008131798 3308440509 2244242791 
2181891771 3765680961 4005998357 2393969880 3784537648 
1292665792 1444006164  372641022 3377918495 3847734933 
3626956008 3634915146 3057531652  609375286 4041330990 
3865455351   38812804 1861523745 1478765453 3443359220 
1422943008 3643756858 3561844206 1167817685 3062789514 
3049788527 3974815959 1861121206 1534681757 2108285902 
 526143185 3188570399  338969449 2051640388 3417891544 
 763834708 2831096102 2401621396 1477588937 1150890288 
4279156097  260095441  586540602  969816142 2121570854 
1747298933  231182518 3864472844 4118000359  616376452 
2550421366 2099924623 1540969109 3999757424 3323087835 
1678851337 3541421389 3884714328 3360298950 3832060601 
  46029336 1001643786 2992886351 4167312817 2856333608 
3969852359 1881415818 3400155108 3469188313  861925465 
1911768158   19973473 2583936177 1232063903  589693414 
2518500004 1679956098 2970989432 1930715228 2469942013 
4236680042 1435315612 2806106788 3787724481 4196658019 
 146391466  897360243 2177464539 3918574357 1896515632 
  72607894 3421801689 3883872107 1305453789  969334363 
1549960716 1351848856 3230567901 1637141804 2481614628 
4212639925 3389064431 3255314442 1276149955 1979613157 
1141510254 3580210582 3113891227 2290875698 3800696113 
2221610479  217621916 3521334350 3342307242 2646706886 
 729840278  880868674 3342723580 3611005846  992149268 
2916130589 1914784314 1968131756 3723367005 3133076970 
1623769150 2246455159 3254805905 1080176024 3679438391 
1109631436 3768088091   34005354  364029516  416791973 
3556565157 1962992668 2076214298 3176145275 3813810355 
2005022039 2814920824 1736782781  472741691  495097994 
1136870874 3165993546  787555603  500130322 3162851673 
 462822354 1412866811 1187686233 1880903342 3445785070 
 124576000 3750553118 4164220569  528036278 1334999821 
2311359573 2652060732 2505117113   50255077 1939833380 
 616502973 3130841737 3015718605 1012698689 2545824447 
1562654346 3491457142 1330348796 1489584315 2037423028 
3982070025 2295117923 3126657693 2472477469 3455003340 
 265554055  797651117  292932314 2291425434 2504910162 
1251218141 1259905745 2781098763 1929159292 1053780605 
2131059529 4144236950  938114138 3568681785 1879067476 
2099340470 1514510711 1519442279  795067701 1148561197 
3145126209 3244831406 1746556372 4268606592 3794283019 
2800396413 2288124928 1308611733 1996805357 1421122628 
3618675908 1522453693 2207860660 3262442374 2094133854 
3182506082 3215631478 3705561920 1273392803 4217218343 
 541055181 1178460326  874763518  262177349  894783915 
1249111010 1270931263 1174716175 1609485492 1100424325 
1183796354 3798303070 3741635396  435036119 4179538159 
 523363408  404552914  980816158 3926531161 1453098065 
3307624016  104523157 1762666802 2317189947 2023914793 
 997977744 3567952179 3894306103   84322825 3636729385 
2273425555 1428047232 2567973175 1928660804 2024500573 
1125454828 3264921733 1326282786 3041866865 2834873893 
1565843473 3850482960 4012707767 3808302766 2723457696 
3085848226  286746762 3747393393 3309914863 3802287857 
3047767818  845051189 3373630831 3502881841  800948709 
 977864314 2928664873 1143374117 3866363955  791196931 
1775883526 3518463580  647505838 3030186301  546292576 
1093567984 3975275226 3866685200 4180349616 4232680798 
1458234595 2409111017 1804039833 2406421041 2368301189 
 491874151 2609037471 1215628698 1880104187 1244163636 
4185458636  915019434  987504717 3438389993 1115876674 
1870054198 2745867676  140467020 2514745667 3961253067 
4069966211 2443538065 1576948169 2267044423  929620934 
1588144567  323361980 4146195664 2034138271 2943372927 
3962248360  929333602 2816327231  586818311 2280516491 
 179906252  669873469 3557550001  861516070 3547725499 
3963089708  292802333 2611469066 4252061470 1080305427 
2933703920 4132513557 2905946448 2657080740 1138049754 
2113340784 3350841360 1973567973 1615897653 3308876695 
2285206647 1998714290  415269556 2411796517 2561227979 
1031878275 3045589730 3544987135 1000759675  194322534 
3476849911 2797698961  950480397 1329877992  239287316 
 533555346 4229443303 2063025706 2117567018 1389834744 
 618951403 3748561227  299445727 3705306325 1610031077 
1218884363 3219392076  237982896 1749821977  591622892 
2314196459  916035746 4257918426 2901017124 3691835431 
1869917184 2455354567 4186619591 3461745043 2032058510 
3082491786 1287577947  709624222  455204942 1446490139 
2429654288 3757847260 1441302109 4085634952 2439675152 
2094595546  390780145 1437581569 3872252505 2046256249 
 947096618 4179318448 4136302801 2061241479 1226541212 
1149367190 1460906803 3837571860 3949887571  357038779 
 702890494 1087428560  521074527 3144593759 2359814827 
 118409742  694420915 2007770556 2688311441  289583082 
1803557381 4146589091  704580254 1196461017 4051748280 
1383992871  996927865 2480397248 1699023992 1408579291 
2800869038 1297725181 1250228986 1222203115  927390586 
2975302754 3714174765 2916353094 4113265421  534175283 
1621202903  819766866 2627759017 1702223052 2954744328 
4110314791 1289897832 1430641218 3364066062 2572174909 
2367679991 4009648508 2771957348 2626939394 2596840704 
2628486680 2998036218 3239249555 1726075234 2083013625 
4090428420 2446670968 3751979705 1936227422 4083016294 
1548059249  355955598 1281774682 1613301352 1475361747 
2310604729 1081863488 4097739214  671054472 1343778826 
1139795919 1465507516 2395199596 2762216850  435383439 
3252959155 2623461620 4226410306 3431636074 2959264324 
4134753579 3504496272   18424919 1950153878  938526244 
2197574906 2674507561 4199320562  990801810 3748993934 
2073711546 1864722386  879947004 1841740996 3812590261 
2937978792 3715085350 2010826809  462571934 4017736482 
  94372833 2598582380  791092918 2071713533 3161948930 
1676421292 3797264923 3394643093  634398506 3844123145 
 466000557 1732232404 1201221618   51147681 2758800645 
2195279052  795161803  192387189 2285460999 2745749048 
 807963965 2753783014 3443412457 3490235096 1202465389 
2800816185  406476043 1020297445 1155477179 4239391302 
2290815708 2561340210  991675583 1508160543 1906089075 
3213809340 1312344665 3134931190 2427460204 2041804703 
3408634192 1382527753  655829252 1607067692 2713019885 
1307034063 2942767626  540718205 1561365211  501356442 
1510452541  531173530 1591084959  795050199  918321004 
 176543436 4208152428 2703216984  230688290 4019030869 
 189128558 3666161495 3958669267 1793552711  125552926 
4155076548 1490306854   86169869 1564832029  935882445 
  37210472  427275019  469881231 2103398350 4204007358 
4000289779 2923204960 4043078444 4129674460   49243774 
1938131721 4206134417 2778297523 2857676174   37296112 
2088239791 2166403106 1938276374 1475341273  862564429 
3255203960 1967896745 2545832656 2979523318 3610050425 
 767035415 1327523898 2022190002 3179043466 3110928107 
2338496096 4283969760 1061909760  322019445  135273442 
2959217521 1315960104 1639178740 2756612290 2104652497 
3885410407 4023439893 1113806181   11382155  458011692 
 703101214 3397459757 3587110228  273338662 1673301111 
3006192856 4185468705 3137448320   45849235  332893254 
3194157089 3204376528 2190401378 1243172348 1180770595 
2432194152 1783521576  810218424 3627892517 3697908600 
2729604707 3927624983 3903532346 2092551625 3409410731 
2135416574 2925979208  731498136 3109350015  650630834 
3083952574 3135660781 2864507464 3704455540 1800573902 
1687866877 3292900098 4209159238 3351812237 3453579735 
1481879059 2205838361 1608707541 1834837513 4206470239 
2067010173 3073510907 1922535409 4235011532 2199757642 
 327043460 3568522048 2843411793  564800142   68291853 
3816705014 2258860409 2243088010 1005898736 1678260523 
 444222931 1199639077  372434870 3294188213 4143085621 
 843545956 1961841973  871172696 1549619903 4193632716 
1751339728  589540311 3062688828 4021341784  703542823 
3390404721 4173725660 1579115118 1400148954 2041754358 
 876417435 1656812251 3707630105  358882434 3841891239 
3886041967 3352511691  422126669 2466537516 3226753193 
3331910987 2036829186 3789660309 1903283537 2034334707 
3670069499 2463217423  807065739 2439359477 4004848462 
2695120715  567286061  936747181  897911970 3615047124 
2796988884 1689074748 1703794217 2821560010  857851665 
1361674222 1384490131 3939439760 4225546296 2033264336 
 433975988 3845656156 4111922917 1357573158 1614687728 
2843213835 3575275611 3362179122 1112347046 1180336017 
 832403544 1302398810  455452209  628732282   37746044 
1757485242 2154756305  499899750 2176287529 4212141432 
3884227627 1782930706 3764276414 3155064847 3783247148 
3174593726 3882799367  743090268 1880963736  518464494 
3441134465 3647473030 3147702513 2874968320 2602834853 
 599250753 2694528767 1563079986 1153602875 2896271151 
1629516966  338769464 4071345826 3929853227 3124182309 
3935432923 1445855763 1851276671  380493357 2882770591 
3234662207  943745622 2237166382 3129887773 1194476811 
3799595291 3607805246 3987975950 1837497918 3767393146 
2114206276 2525318134 1016108738 4195408936 3383165680 
1411205812 3180021457   71598750 3628282147 2814453479 
3070194918 2298265610  825626340 3871268917 2084869207 
1995092281 1033429518 3615507839 1435365499 3405901166 
3439094326  953639323  276803987 2963589716 4226595133 
3970920610 3304942403  385308441 2409692522 3966332427 
4087469839 2159955184  815971564 4255367186  548898284 
  93452891 1250886131  384382936 1143714993  139569776 
3973698056  680765308 1325428735 1336942371 2484377610 
 217062017  104075592 2501187488 2751022204 1176960847 
