SFMT-132049:110-19-1-21-1:ffffbb5f-fb6ebf95-fffefffa-cff77fff
32 bit generated randoms
init_gen_rand__________
3596981943 2237974425 3827224957 2514757895 4264843680 
 955444628 1982846266 3690734264 2164407755 2213046834 
1724693857   51549213 1214613897  969393410 3593568815 
3968248172  732457991 4110147364 2568450099  111613531 
3105149926 3474245237 3165871412 1276608804 3923836977 
3648769445  756375000 3003259904 3475051552 3064994508 
1738060392 1253564194  436357404 3649391826 1996013715 
2729021393 1105099033 2700993921 3881807966  425297842 
1592718677 4126015169 1549952430 2349787697 1330918304 
1960542741 1829781490 1038664333   72335516 2849036317 
4239651416 3757976166 2710983360 1836779447  225611933 
1150272070  383410953  573608158 4150781548 2996902092 
1668903135 2175460510 1849279162 2651516368 1226061898 
  66315168 2070604771 1355818237 1690742738 1418279627 
2837571220 1476333506 4119296714 2048810260  688849086 
 884638991 2934460379 2745162937 2978180569 1245057028 
3528732731 4269655358 1410758948 3736297053 4149525876 
1085129630 2866936446 1197521330  183636034 4073672281 
3923982691 1721803585 1338991898 1099884030 1021635446 
  87861473  682843422 1823499747 3288898238  411402303 
 368490130 3188812156 3653429766 2385745693 3549231135 
3368581558 3864601184 3978664090 3982716534 1327565192 
2951648556 3356677722  907632251 3580055389 1334532452 
2056992759 4231857110 2866293807  995730443 2989100008 
3583438471 1311824294 2671436018 1321004258 1676279594 
3346182547  541489131 1062854575 2273193455 2747698018 
4132914690 2971452922 3941092693  465746819 2401367012 
2479715524 1227990368 2640989295 3635799419 3470191677 
 656554409   77929599   40418870 2756511563 2914079952 
3642742820  515397513  655553702  368778688  622420129 
3430206075  548974717 2283271161 2082141756 2439808307 
 202606866  872215885 2126456289  664419479 1884423671 
3535878778 3291604629 2796791055 3561482711 2668745478 
1375072683 2239759058 3356833603 4021999149  619592160 
3347553786 1799163097 3768479657 1411538988 2547115851 
2863466709 3213453506 3059683356  233936246 3333147627 
3002853784 2529523173 1413026604 2542986459  676868102 
3477125093 2413055410 2836507837 1934213462 2814385131 
2626884822 1239385996 3042033482  394389031   72394655 
3278269661 1630199668 3095660650 1241033283  757879729 
1198616375 2590978994  242650561 3584193061 2464253813 
  42594549 3590420911 3111935720 1948656221   12935088 
1613688999 2991814519 4181911577 4185544583 3728641416 
1420291324  225205859 3567721363 2763374406 3297295590 
1899167906 2442945884 1335662514 1702341858 1036007787 
 597426219 3694737040 3987270664 3648954790 2880113458 
4231525974 1877346360 2503838250 2215252556   96036493 
3223957295  203270257 3874078665 3568946094 3524422428 
3912826507 2644701201 2737333238  877540372  539548352 
4033456040 3567327998 1887278679 3427267750   48925252 
1356805154  595520865 1365463464 1338901950 1338132626 
 921401508 3516018798  446337719 3945035575 2192105790 
2601079891 1480502551 2286467731 4137354297   47574006 
3087314936 2593836560 1642271576 4037740408 2311176811 
1067887340 2874884461 1480881537 3708657520 1029792219 
3490400354 1161439732  960167991 3191133749 3475804323 
3325301995  921901583 2817485814 3137010011 3225403267 
1064702312 1767586695 3014227298 1815325195  296883582 
2469255712 1647763936 3203013250  202221999    7340783 
2757397306 2964494766 1240586628  231252971 3468112743 
1379102400 4220711172 1253296255 2334826128 3031835285 
 292692732 3777326535 1181773061 2271863745 3264592041 
2688352603  816068657 2872022366 2496333587 1510717377 
3381807432  604896569 1427790496 1171621012 1782862678 
2072521045  777278711  163738242 3132254448 1704338245 
 640640356  430104554 2933625966 3417160927 1812650368 
 466082662 2030456379 3576258230 2602990590  974314027 
1229200334 2310617894 1977390544 1677754533 2980478301 
 281231326 2720188033 1418955264 3541143683  672241267 
1216456253 2926529041 1508194657 3791465710  831084160 
1324376556 2103915996 1529435286 1392681812  245839596 
2236947796 2449864744 4227126463 2443296373 1928694908 
2309780793  731541158 4008254998 3056959999 3569804825 
3753267065  994712357 3311108911 2027718623 3929416500 
3132505247 2254156903 1702881484 2826971685 3639339457 
 258309259 3775361807 4028714932  221832121 1973675381 
3908968396  858864782 3470170545  379916681 3023304471 
 523784994 1459290827 2514158457 3636378662  105653155 
3741445110 3315054517 3066796920 2823450283  678536042 
1499986538 3023208525  435654971 2338402164  374827884 
4170052378 2720479142 3134488447 1559216736 2303137214 
 792569007  157761061 3911438044 1308851189  364156956 
2513897514  756369395 4209586764 2904619424 3499628289 
1947089574 1225949048 4042979474 2136029142  538568781 
3738798227 1370098107 2422587638  748764893  482262428 
1857858579 4001835457 3126783615 2589570466 3261767681 
1233238937 3244437540 3577387468 2034106038 1423637948 
2061709235  852615350 1008921488 1926193466  361907308 
 521823159 2690031901 1886452591 1774690335  194314702 
1917439941 3428685616 2797637656 1546653383 4216328043 
1949478045 2269433340 3694786025 1095721865 1685395366 
2084489821  225239055 3548564642 3849496331 2000945273 
 558080775 2283559968  352730277 1939821952 1915065063 
4085297933 3385419066 2540125692  896385546 3567877865 
3518859086 3446451850 1211823478 1873117300 1549845153 
 525119003 3258172068  708815606 3757283525 4064932867 
1426172793  689515439 1809412033 1659838755 4267801883 
 400460039 2271427419  442603861 3876175457 1462622318 
2298959818  300834577 3666674175 3124157033 3187134749 
2965544670 2960600722 4036872341  514309948 3360934870 
2366660138 4029303357 2696403247 4117738585 3049775390 
 750028946 3247391263  203403882 1554467765 1392944546 
2912943399 3129398124 3689036488 4209775443 2349683340 
 369855345 2862726684  659600535 2643425471 2599539189 
2755088134 1653993770 2064619040 1274496365 2939796848 
 776605265  132444440 3781126036 2863560009 1029049182 
3699737699 2804677595 1192682450 3306730609 1411148003 
 208104798  790096842 4213955087 2342337236 1874567765 
3117967902 2625310557  135306173 2203248572 2792428552 
2205309875 3447603326 3103786664 1588145824 3397235731 
1444834839 3383544234  589553870 1552989460 2915511962 
3686430656 1497522173  982495529 3238736015 2037038295 
1599797554  999412284 3718027736 2039474093 2707076851 
 437735458 1179826575 2931974670 3296432284 4049380981 
 862871591 1481132327 2617214193 3529853656 2852063956 
 472141892 3176415157 3706925180  134189271 3226277113 
 242816983 1446664352 2731021136 2304470291 1070863121 
2704122701 2511214545 2871362577 2756286153 3017472007 
1671718640 1123200125 2359650362 3565057248 1602888372 
3265910419  555742190 3533225685  583285879 1808095945 
1404316110  592485494 2379960491  581812260 2808099393 
3400450529 1962251239 3611744816 1565278679 2247526968 
 457626946 3139970886 2557946357 2754841577  820080603 
3795130029 3251884378 3086240879  733629764  173389991 
3424926502 2522684257 3982835519 3679342119 4177876178 
1049245388 4280805584  953593421 1018733819 4057770285 
 803014483  538118316 2434551286 3793663125 1546812114 
 626044721  644837012 2753738161 2402665671 2116354855 
2365403435 1454048698 2102439803  166641279 3322223972 
3047018824 2850683126 2906645059 4013030064 3460675487 
 422562360  375716256 2323026950 4108460433 2978542904 
1151243471  224070764  414566845  952295191  810707601 
3644014663 1249755007 1192859869 3999134458 1982409854 
2974817459  350465705 3498006353  198095717   69293742 
 299943682 4025811780  472456958 3583659431 1488806230 
3181083520  750045949  906043237  459399171 1922743538 
 975331893 1040998784 3012265617 3459419106 1549880515 
 910770728 3652632848  880256989 3322878474  311653989 
4010525427 3566943905  198832364 1438757723  156768123 
2988393466 3259637073 1200902488 2560107708  422673694 
2096464996  880325493 4024701458 2758725745 3070655240 
3982020107 1018389621 3922972974  675352676 3778533402 
 281907424 3777824509 2615632495  206866231 3107264806 
3522180948 1330259165 1622137676  588619625 4174397914 
3076549830  433962088  669574955 2555762523 2862620110 
4036465440 2415470654  931021106 2500898565  260791410 
 745838156 3488691553  947662696 1148485941 2187286704 
 192589811 4156853093 3525848064 1760601304 2144099214 
3640143802 2612310115 4130095330 3605278448 4026869596 
2433675208 3834179377 1829276289 3839551861 2696426261 
1781380787 3012219094  267735757 2545246858 3855597907 
 620899479 3201795735 3107447875 2570768407 1088080434 
1453379852 1548107375 3227824787 1736573618 3721606436 
1047222703 4114902166 3834030533  408100289 3056964657 
3385977577   30998284 3976397632 2548976696  452080319 
2888564319 2850181359  840834036 3189155937  161383788 
 694930373 3497895292  990658409  897173479  472503390 
3390181073  961986486 1355957198   24259608 3766216877 
2357755614  601935378 3415698563  556943111 1054792386 
3103351029 1545747134 3107075833  260809687 3562391401 
3577105582  587295250 4109449507 2622446839 1935606941 
4009219859  707080677 3913617647  234902868  240040205 
2374262395 2698862655 1839704716 3476793520  366994649 
3373122499 2255356922 1165297490 3512850035 3546159620 
4195524883  346302994  973277886  937885000 3576161493 
2770283805 3868133088  271374381 1470389097 2006257056 
  72784016 3170795990 3930246033 1652212775 4239989830 
4111773101 2089579069 3817441549 1589993435 1045718725 
2001013737 3191875137 3855875924 2455120289  572081483 
1498418430 3322619687 1937436461  608713266 1962507634 
2171451278 1949301782 3142449474 2993042539  774530651 
1682681414 2376751223 3279033613 1332247495 3499451681 
3647303548 3453211132 1487634047  595846195 4152311139 
1713229882 2294403032  306472745  891565517 2559403879 
3280205409 1097513733 3724162071 3477630411    3591073 
 484795276 2167988262  961762095  586215444 2657329839 
 863404635 2752242435 2412459225 2683814355 2933805436 
2311804737 3946116674 1945950690  993586892 1041532545 
 978366681 2007492329 3365566378 3516015155 1278750930 
3991570529 2923703265 2815019354  701666269 1133630587 
2823504713 3708084633 1474723269 1289307123 1094937151 
3381390263 2482925857  770056445 3117475888 2786574052 
 197275752  377154752  214879913 1655258457 3232903936 
3607195773  598193669 3708023572 1439541110  165308267 
3941145668 3693461705 3670756579 1227069791 3235491069 
2574893321 3426797460  729132663 4110302979   34963318 
4216685254 2171412668 3448499245  365072004  796533379 
 176313074 3086288899 2844247317 4115545504 1495347180 
3178356766 3183225159 3309755220  619067019 1833747403 
3322294742 2451173567  948255123  171805724  513625311 
  18456026   66067534 2099558445  858761370 1553758341 
2055662734 3933104848 3193916158  153776374 1814200953 
2812251626 1668190584 4011596877 3512894862 3164459043 
3460803480 1610544570 3753054296 1466346786  935704378 
2584661687 3170251531 4164624099 1331156347  897055915 
2310366533  148631954 1479102803 1855921057 2813662772 
4149555081  488862552 2964424007 2030915637  314343358 
3033119286 3704652088 4021974009  217550856  958019327 
1551023420 1462317554 2882528449 1136299843  292840589 
1307775247  463274356 1430357686 3907607055 3462509184 

init_by_array__________
1504823642 3697343753 1088344911 2677745529 4178419641 
2335930461 2464577205 3770915900 2265865885 2476652314 
2677559955 2209458101 1639287655 4039697819  385554367 
2526303904    4918276 3792782130  285428580 4252468569 
2144436279 3785554037 2266411022 2058186717  547094468 
1454738165 2340106398 2038376372   55836418 1989447828 
3823388202  125747492 4232022563 2289045230 2261087398 
3292143644 2311017099 1437161539 2605033548 3883081306 
 997158455 4070713862 3809085626 3564292033  354908784 
 129529025 2824802627 1768937606 2131874259 2953473730 
1100367885 2714772736 1073909325 1937096878 2858160130 
 299309426  228617984 2190914383 3796317940 3675215920 
2181135989 3453613942   50260672 3128360651 3244704602 
3719004822 3807143782 3171453853  553752516 1735142514 
2191352790  170986927 1887873224 2311431521 3614710820 
1529906389 4235512847 2164724045 1908174245 2880109472 
3774629254 3940338644 3853358376  740438798 3889743664 
 937931881 3429583820  719840419 1891015604 3025887660 
 253160420 4064208163 1460329684  492039356  470119357 
3628044256 3845260317 4171250309 3035989923 1214818910 
 409601842  783041295  571970176 2391302280  251718209 
3605100853 4145687110 3118932284 1184597021 1690781718 
1045712798 3687747792 1218523280 1424500138  905986969 
2393037678 2137324083  889239294   37782557  374820182 
3200960594  154787173 2654164060 2537384202 1995084624 
2317997519 2849440762 2481035997 1707620337 1811857443 
1252786121 3506540561 1221870091 1720232030 1677841566 
3476720583 3875827631  682597497 1282271558 2077744468 
1517311188 1563678646 2519801213 3816941087 1554009597 
 577494706 2698912202 1803724443 4082610833 4220921877 
 476523290   76927725 4142674028  407317609  490061457 
 472041379 3911090063 3402443619  388396388  155514965 
3181901029 2345309876 3822551527 3809891390 2193737667 
3052877604  525702683  529631267 1247629125  892180429 
3220142265 1253176782 2866161392 1059783614  301010699 
1772909102 3706491140 3514828089 1497610713 3100476370 
2299372318 3154567693 2418860769 2844930095 2812047320 
1607571556 2618800785 1539725053 1512057765 2367071342 
2203694567 3802537758 3975833276 2215836812 1312034980 
1776670989 3670461458 3816599394  857101740 1368159835 
 359356197 2384931188 2679785686 3280784476 1709094834 
3635380960  552508229 4089386065  202223263 1879404635 
2493999821 4206989573 2410910920  846019398 2074194195 
2103398902 3888057187 3262740460 3116665993 2695435704 
3728403066 1165603729 3635786622 4144604519 1767388271 
 965187869 1118835097 3206733419 1900011195 2962416289 
2311966279 2322480180  417109808 2858289361 2663503599 
1632284455 1000075825 2128751794  911507188 1456467526 
2807706163 2993501434 2319394912 1143130800 1973099514 
3483904338  316900300 1987384228 1546517951 3192077743 
2566646875 1428159491 3184061884 1283688021 1492728645 
3224783871 2428238458 3010912394 1401827545  697218535 
2533812454  610703656 3218608588 3092710655 1445772144 
2757473296 2985995201 1081910190  275974516 1381912460 
1372814474 2069022831 3636606766 1815426463 3951856623 
1566066362 3987110997 4068857976 3354620949 2660956490 
4258902438 4059439742 1752834190  996248157  183545291 
3458130922 3093057793 2146928586 2402790000 3478036579 
2389885491 3405261264 1781015785 1946936494 3708440904 
 142531484 1300778833  558341534 1507387174 3986471975 
2213061052 2627907287 1794662028  273314240 3328417854 
 673532489 2384019269 2863210090  157959556 3590624830 
3612692667 2363300974  653702850 4145397757  188597541 
 719483328 2521277449 1323742712  358892849 2119476125 
3706507485 1034186762 3342685983 1756387491 2822407974 
1458531928  656508826   17790887 2447821880  677936687 
 195170907 3346462465 1647747390 3020995237 1297698426 
 195133223 1974966062  696984497 4074098495 1265308645 
2722823797 2129992900 1908284320 4130550818 1033514278 
1632835897  798048699 2605123121  438593333 4103593348 
 879331712  672839727 2193447972  622748535 1105570645 
3695667189 1598808733 1328992586  199574628 3420941431 
 240300742 1336826305 1596477504  680894512 4020067747 
 323390146 4259439206 3115284401 2444934573  136462519 
4089219632  755939940 2225353410   23194633 3370730865 
4166490331 2524703987 2331896422 1589623398 1211010848 
1483955030 3394455333 2741690534 4292286596 2947460459 
  51386331  989773061 1318780995 1123904522 1558252134 
1065326724  822503126 1466951088 1526974532 3540043223 
1318822540 1039524283 3240319029  391539703  384280075 
3389239666 1442719223 1586262945  971667103 2131381125 
1492677157 2904636134  335926499 3332012715 2753274008 
3187928328 4045571966 2971064389 1653786047  506189007 
 799487158 2286797167  569124091  709476018 3788257702 
2623988869  163848428 4103377501 3450849679  565787163 
3066727848 2496636796 1222044361 2527520640 1755543703 
 516761694 3700936629 2320678855 3924229589 2334931249 
1968291628 2894474806 3387426999 1593945513 2696512820 
 309367006 4267699207 1993834906 3864781418 1013839895 
2854080355 4259902532 2079014687 3468223898 3264921182 
3575673300 2427491241  960024776  440410563 2150957516 
1034018167   94619570 1050359850 4035032016   55503368 
1928914979 2061551559 4285374078  870525770 1380063248 
2311380000 3682385549 1020198060  931593371  350251193 
1420817882  707300188 2473284091 1317565613 1825945512 
3085797526 1304843922 4119069858 2238014463  591597247 
1534382532  557743048 3538092771 1747777922 3950320060 
 588019301 3682351793 1849201125 3939442651 1810068905 
1974471087 1017942569 1391808952 3375542036  525471641 
4265981350 3368529770 2218406246 1721104689  780547298 
 700519920 2908539092  332610474 3791342399 3127490762 
4209180762  138246277 2940208830 3178954626 2863084001 
  80919709 4083766762 4006058880  370757477 1302106117 
2175304051 2520217593 1277091160 3868353025 3914561907 
4172748534 3280340237 1160612499  845091472  281422872 
2456708760  203302481  267291944 3018202633 3156676024 
3999075531  568599181 4133478079  650492698 1553848052 
1803358865 1583853991  392925377 1385917333 1531079162 
1621243530 4179079661  924879308 2331292063 2064736075 
3397419545 3514513666  233408721 3106619352 3177075294 
3341561366 2998697828 1202544374 3280135569 2976270078 
2317893005 2163003563 2857001961 1557094237 1934066519 
4126343441 1412413414 2510219152  395036939 4009733786 
3095733415  631434616 4291409307 1996540695  636975770 
2726071110 1952068563 1284582412  397521667  609708866 
3410479461 4221422424 1403340152 1492539196 2074415434 
1486193900 3762754075 3565008134  679156743 2490764021 
1872875284 1519101708 2232019223 2136701562  470446948 
3032538702 1513947634  258866575 2333961061 3990579626 
1184268026 2017638858  597377341  447422726 3155366532 
 480631259 2363359225 2086871774 1839630317 2525458883 
1046198994 2196655410 1287092601 3967775472 3618967226 
3674215843 2688366405 2916155674 2107990093  554648011 
2673185774 1987868896   45035849   72200796 2134029992 
3946188301  940219545 4141974258  933621837  526908965 
1580607561 1702453777 3598622403 1840334441 2033876816 
1806919578 2279726582 1898965768 3783983428 1385775481 
1308078392 1911967268  314772294  800696026 2392004353 
3700028338  115633212  794511579 2392308903 1336975229 
1210608207 3877885330 1960838602 4182554031  629301731 
1125781215 2692219712 2271076409 1910120246 3538682960 
 506519855 1453934327 3528619703  754353379 3634402568 
1694045733 2545628223  865964895 1272838020 2910437852 
3955776668  489907424 1210655199 1422337842 1822682777 
2459055750 2837937641 4161202388  377661826 1194326885 
1179151218  612708667  726091569 2080675235 1892490969 
1579722002 3702835207  495011872 2600305483 1179726216 
2398105120 2657610962  892898036 2864624736 1740466234 
 943563410 1010943429  207426134 3507370528 2178448370 
2055401141 2426251151 3043940452  285057870  334758291 
 475447455 3333986901 1861255520 3216034023 1329227765 
 519311358 3046998013  244302994 1281482570 3078658564 
1672187628 1134651014 2637124517 3664423965 3768189060 
3695760200 1619315539  853856274  173109871 2149582760 
 661545766 2762958188 3692737545  941722328 2224258333 
2424237282 2259244799 3137039242 3032021972 1207059303 
2711228763  724752931 3896639264  981319997 2133118035 
 372953086  353535009 2683146203  551929187 1801016364 
2903138442   52410834  378277469 2634784789   91612621 
 995413612 1065151880 3489622807 1273956377  959517803 
3812287848  726273919 2291012617  956887914 4069416659 
2140072796 1498668426 1532983825  542350586 3747475908 
3878103053  578526558 3328236392   91124014 2395721588 
 797283262 1541622548   57803794  116530494  382537648 
 328039847  217058768 2337739572 1479393087 1292994311 
 710345183  487692791 2384072039  232926154 3992441683 
1932221233 1565887186 2277735825 1978898833 3228413180 
3899377874 2336470532 3377916268 3601879884 2377980361 
3657807621  483398170 2951266857 3140654482 2142478585 
1789650945 2442763666 2758364279 3838411390 2598172378 
3324728890 1401601301 3780361497 2081546680 3430485212 
1583240275  149790373 3809587426 4277714129 3308328988 
4162272683 3592497739  415171339 1520452575 2830233017 
1840628462 3122597515 1413053603 4289971703 1893780881 
1127965054  816084037  676103495 1859644050  960183182 
 433964809 1720446846 2565713388  924556086 1976186791 
2020071263 1471757233 3017780916 4102295889 1374993759 
2319082514 1864048916 4114202845 1400958606 1432434455 
1829724359 1113961222 1776488807 3436204905 3434437745 
2820049781 3992193314 3533802758 2800751878 3978741618 
4293548225 3930170819  814967057 1508748936  438681968 
1574799378 3981761328 2268247670 1965795772 2642668125 
2400741274 2438193671 2006999054 1914896365 1205338157 
3532868328 2955422527 2702043899  440456802 2161120250 
3207281059  951473640 2520172987 1155569935 1015720396 
 805975028   15987407 3539497683 1920113336 2232069078 
2761757525 3131092087 1899044092 1123767173 1303946641 
1240371460 1913079416 3846054067 1017468007 1621601623 
 987737502  384349098 1600692366  206592074  171203219 
4002813290   75264853 3914480089 3419863751 2161611201 
 542214709  268367458 4196206995 3670251121  751850201 
3257597465 2291328286 1206080767 1143613648 4024687848 
2001578164 3595030463 1518435511  124926117 1526520741 
2452364175 2272867560  241789181 2581730044 2714204872 
 709486557 4224481218 3448194450   54246111 2803683312 
 883563032     609304 2079151430 2419447809 3766476311 
 888537354 1518446621 3494864017  696631868 2631585400 
2308573108  485945738 1785842143 1867116547  537147816 
4081269591 4084956194 3747945383 1947941149 1474391999 
 986408622 3517675885 4219385159 1870264454 4092472928 
2455722409  235021617 3146681360  468903679 1120378068 
3318561853  700978812 1419064624 2864855302 2085335646 
 689282320 3076273602 2149966908 4144560402 2844165262 
4026048014 2769948851 2499866119 1218649161 4219540367 
 833468241 4011737498  161486831 4210402215  262313612 
3027351469 3038933136 4197204601 1523849436 4086393974 
4149017591 4144817524 3593877832  261409300 2336463630 
3532332876 1605267500 2517184608 1576640089 3842972706 
3958844110 2906094945 1946153150 3937085798 3685224588 
 861659525 2613539352 1120319915  510004744 1626536783 
