SFMT-11213:68-14-3-7-3:effff7fb-ffffffef-dfdfbfff-7fffdbfd
32 bit generated randoms
init_gen_rand__________
 553293926  698755237 2442073441 4209880924 1764362329 
2195309918  256824928 2214706803 2136320427 2843087932 
3486529899 1306350756 4270642900 3297631664 1850831330 
4213109783  427081536 1131131307 2775965886  877546999 
2836645597 2850507086 2755759911 1306876265 2575673187 
1824065691 3511080041 1928485268  649052443 2971742730 
 403698108  169875003  380295356 3528011866 2952256661 
3733745051 4164222377 1628603045 2638256790 3519195868 
4195872803 1476523139 3699602437 1672363774 3684807997 
3968862050  245048207   33360175  169770165  775405269 
3191865739 3052672634 2175042373  363825885 2991060127 
3107352189 2040975233 2280766171 1049451347 2464675372 
2786253384  517425947 2576418495 3915167352 1319262871 
3860956986 3254547342 1881673000 1502819804 2581419104 
3993517707 4179793000 4134726181  193902288 2129660509 
1201683060 2169424339 1171199755 3270482785 2589967476 
1245732811 2180825597 4108548794 3943541881 1664725995 
3482571249 3960328275 2496083819 2285170479  707491711 
1973753445 2559837769 3759732527 3621894707 2667897962 
2786661035 2316413096 4122623937 1564737819 3606925948 
3141917404 3237355011 4148255857 3198176564  899012754 
1921496599 2722540422 2314650322 3316686314  486198287 
3446984721  359923326 4170566747 1715634878 3002640485 
2198169011 1709206686 1602063393 1768555127  296016403 
 707947167 4149178993 2286171885 3606834898  860116794 
 837512047 2780968890 2934517872 3265475992 3995475331 
 823251686 1388379685 1689938384  924010855  801623899 
2370143426  978918237 3737022385 1478921360 3119535156 
3224513071 3275923638 2867594136  731709579 3968236195 
  64525079  272371898 4238912616 1886765573 3761754562 
1000710391 2048957979  312497819  439741686  924925889 
3994889236   52289190  759549430 2584954556  756493366 
 168627065  857399839 3425284973  959170692 1975409876 
 925869263 1735262701 3394788651  550383511  490309361 
 881075537 2070029863 1223376354 2762562712 2355745036 
4058079425  688888168 2084555594 2213905937 1164042303 
3938114127 3862067658 1899582417 2637725755 1855007909 
1289092282 3474658897 2719086468 2644140387 3572064696 
2835757420 3854845607  995529688 2400664527 2684303099 
1002902183 2708291817 1162219077 1458303374 2328212094 
2278558260 2811513813  187682146 3731777450 1369014755 
4107243587 4249288801 3167574229 2433688524 1263841578 
4178639597  103168337  726791243 3865077042  468986147 
1352009278 2120693945 2257059684 2511574244  282332575 
 943738722  765376122 3886666299 2550905672 3021593314 
1563487207 2902762078 2131594494 1640852828 2051546052 
 533501181 3599888918 2717252360 2048541279  449906823 
4214508583  407826952 1220354008 3680787680  874143422 
2771749303 3918211583 1933979094 2397328810 2048627355 
1066449138  620406396 1265779869   82128565 3162944753 
1216223916 1462377073 2410881086 3283960481 2698235827 
1293536964 1062717153  737566608 1581406402   97798499 
4147949360 3084486205 3702594522 1519104056  796070846 
1353803554 3887612590 3110269517  733537104  705633439 
2781674078  991272693  916020596 3545700981  220687238 
 324363525 2561026636 3521913746 3070945031 2373998044 
3146062523 1137989108 3961642762 3895747052 1580424738 
3667204475 1010913545 2234226736 4019446758  727087410 
4059848248 2936062142 3183958929 3882269258 3455933746 
1356303281 4279894400 2251669780  133524669 1908619621 
2907753894  364805371 3022035474 2844816175 3612488522 
3506546721 1443147198 1217370657 3834938319 1100686954 
 489874032 2821199686 3650884881 3171161774 3305651455 
1771732079 1462745239 2313021630  733759255 2146937574 
2232389715  326010464 2874477323 4182050638 2190268358 
3013967555 2540452868 1319520735 3037507174 1074278118 
3719401211 2013303214 2756190478 2387141578  180439427 
3993230439 2862452196 2557110861 3728952268 1253230935 
 781742369 2744212073 1353835579 3955007660  914260429 
1339735569  747434431  643113688 2071932020 2899349882 
3223077155 1630920461 1463073770  630145878 3050743218 
3516525223 3480270450  294098109 4063336363 2361143405 
2013101517 2785286939 1503734644 3839462541 4074196387 
1117196373 2048922479 2388244186 2413315060 2367315280 
3349315306 2936256882 4068808092 1372059822 1149208750 
3401323389 2755773423 2860092467 1505179007 3793739167 
2348158578 2812841843 3568987390 3339508196 1360318330 
 487859816 3192619943 1942716817 3417059105 2006941363 
3876292868 3966499501 3343575128 1320062019 4052874294 
1661660417 3278328199  667015521 2547492577 2504792501 
3304712274  481758187 3614301650 3369442324 2121036589 
3692381588  389150458 2736546189 1376548125 1622203973 
3300072739 2789882526 3881344628   34239194 4256374384 
 515810405 1337208030 4076098244 3273673306 4049989741 
2223726553 1600951795 3374458346 3959457033 4038761321 
3738299300 3475534027  315621578 2566360079  400233151 
3198002493 4000178367 3003537992 2418185466 4133921279 
3950353604 3290950939  105405052 2073632531 2567135797 
2114529127  617722918  574897074  145060013 3481202032 
 278011874 4169773197 1353827771 1239826005 4142475495 
2389529339 3666924805 2066381368    6789416 1668443782 
3196261404 3514547288 4026411825  802392020 2677514010 
2787660169 3939691420 3204448871 2381714337 1233034256 
2984307665 1103407055 3031977605 2409144418 1140946250 
3222997334  280241001 2085596678  520966818  510353206 
 208665480 3795213078  288783070 2098371164  562326118 
3233670196 2553636526  522053470 1828316355 4214319056 
 452855188 2302876034  924621805  191866231 4089907614 
4143273946 2854199969 4188327916 4109927523 2056850061 
1218639351 3152774385 3248416571 4139264331  673684274 
1841624903   37564639 1701880855 2249177851  729274386 
 428106918 4181452858  347163906 1863870163 3001348367 
3537322846 1225876535 4022036962  714821668 3243025973 
3845974554 2663355489 4212970629 2993122213 3666588071 
3380238642 2513936028 2212417121 2955814918  569232806 
3154916977 3107294339 3134048835 3849011673 3836294919 
3734889980  164091041 2030878622 1419071374  346851020 
1377631226 1289968696  962784564 2020590972  421488551 
3180838841 2053804618  690498077 2594130153 1858540204 
2316849314 1897091063 1326185749 3880467220 1013841045 
2510006459  200757585 1706901250  507983600 2286361318 
2687095773 2439114934 3785940507 2910927696  495212298 
1737826401  275378906 1933723674 1120172738 2170670353 
 703797292  793855448 1884515135 3720836500 1734151247 
3858004935 1423598860 1976443512 1142497044 2446033335 
1228821251 2197570102  146344084 3365694978  355468092 
 881096899  931732364 3350199871 3243058622  245057594 
4278566245 1408621021 2506645410 1267060469 1365764095 
  33272254 2646325483 1709890154  442316585  538779104 
3412560582  828087032 2053596312 2772521746  894578119 
 201257826 2291277544 3599460260 2893282544 1783425940 
2778987415 2575736397 2012251818 2003236969 3481419440 
1234904448 1194524734 3660540193 2209734072 1072263624 
2734463137 3382453617 2661765428  642404874 3533639813 
3326229745 2297215451 2477704233  195299388 1781116828 
3276896535 2771181349  348737860 1379297272 3012409305 
 571556070   91329936 3368648619 4135205696 2115649999 
1627132802 2941027473 1066966330 3576075844 2982957512 
1380172142  613840578 2425556655   84325493 1157833380 
 380526350 4039021014 1290253449  545146169 2529775161 
 427361307 4182711492  883562403   59017230   25492125 
1099369309 3505470186 2881491845 2566852819 2871303793 
3788442890 2869657037  801373099 3358326700 3419416145 
 843059834 3762692802 4171146309 3260102383 4031587170 
2675507635  838206744 3681419048 2099605932 2127485526 
 926849448 1980170805 1438224173 3523576643  926000523 
 921155423  180162584 2033580132 3202819054 4274281899 
  69381977 3353380750 1092443156 3825831970 1248974759 
3565713812 1256704162 1217134093 1591142327 1752494917 
3028371512 1958303331 1850071672 1217813873 2916267074 
2374819653 3587666539 4104385618 3253865448 3488338117 
 949576801  689565959 4110396943 2660759860 1472458161 
3610122826  180814354 3695546105 1577211192 1424463045 
2848290167 4040830260 2890841189  920378244  136171106 
4066704554 2505125024  532297214 2924909261  530183725 
1877714361 2069794883  332588948 1738987415 3417039337 
3566072804 3310481469 2816418630 1926132498 2214615551 
1599351183 1233470572 1696978507 1606997108 3913303019 
1946659740 2966027013 2182553097 1357275782 1374421849 
3138941674 1105100192 4222346580 2362357402 1279700422 
 249844665 3656189515  580604409 2189793371 3131564844 
2650695683 3243504545 3397723045 4188316599 3026572267 
 907127125 3405628562  830752183 1292469083 2111044366 
 224549056 4169187060  454544759 2474323400  609923725 
3194353098 1869536251 4096821340 2152204142 1225922401 
1381918119 3791021138  517181631 4016322084 1076718013 
1207923521 1607526999 3517963918  171965789 4124668424 
 876823670 3547237734 3510460793 1383243182   81851397 
4122318508 4096995620 4238234251 1369415583 3357744380 
1755168431 3402210424 2708770915 2178593232 2230490979 
3850592336  395202753 1145970800 2073751834 4019268122 
1715664056 2670712766  511797051 1298315286  750155609 
2511075420 3724283654 3264667428 3297812813 2794646432 
 792075244 1481885653 3821585101 3356348441 3067087482 
2351213299 2914492104 3578170041 2068541578 2559734620 
1449473034 1515443287 1503937449 3731228403 3301242979 
2675666516 1453384331  275781647 1513899836 1057387684 
2524963245 3897058285 3845220976  927032671  597054215 
1488976437  816921064  183760231 2679276644 3669514486 
2550447080 2645963843  519530310 3972602610  660791018 
2209454157 3286137393 1764490893 3722356670 3818175380 
3812758152 2781451830 2816833912  845403569 2456431864 
 129871448 2010242160  983068913 4125747311 2193597351 
 450223202 2213550157 2219064558 3324952925 2447629198 
4188828518 1944720473 2668121873  256251632 3141431621 
 862629169 1986498648 3852489741 1305422895 1395752592 
2678110086 3356575208 2203525424 4148844695 1801851064 
1148643645  550804577 1041274339 3776082391 3759739470 
1746757602 2594443401 4019087208 2706490867 2087847544 
2009753800 1119878086 1168778453 2726806895 3240455892 
1567033770 1407377442  337526830   18962543  247615138 
3510873826 3685265114  722017411 1469421282  239638616 
4136684102 1352947701  547594847 1141032357 1384197850 
2489754464  834585989  622533931  416760316 3890426510 
4208125764 1854255901 2488983923 2510508267 2931259896 
3940181108 2096823000 2661847721 4008234493 1602830869 
3598000046  215303987  508369812  276413009  371619631 
 796969723 4202155772 2161050256 3334645789   77707822 
 881847475 1209069193 2503105966  433721509  985791955 
3389467611 4157689377 2288410534 2806875726  467572461 
1064356101 1710832805  242792642  343019004  659238831 
 334161479  235290899 3233084111 3866085073 1683915436 
4245718284  167318999 3539996379 3628010425 1850237454 
 290721491 2854158795 3243323549 1489524335 2819941436 
3548231239  447435310 1997028181 1952879485 2254426422 
3813914344 3969754167  232325977 3736416005 3159635804 
2769427612 1971270154 3705493847 2558969475 1039180510 
3468554367 2988029559 1400167238 1768303901 2758662123 
2072997009 1332330347  179681555 2315290438 2429393974 
 509881964 3807607878 3055319970  671840881 3477325874 

init_by_array__________
3887633895  132867192  106293177 4163623294  520921026 
3480846587 1033927788 2644791256 1158495701 4036591710 
 252973991 2443176698 3209199166 2767568251 3335727067 
3450783102 2330247266  877440332 2981784736 2091001863 
 570833091 1993903953 1066837936 2983397772 1890020964 
3659870890 1968948872  772580052 3800380467 1422555585 
2944453937 1292309301 2119960118 3918837620 2229273615 
3206843710 2518549580 1969574981 1918743079 1365730335 
  96674676 2559009893 1146915490 3827753486  201033585 
1240888451 3405784912 2320320349 1576953416  444654152 
 457239379 3897923418 1150569866 2126633905 1642092058 
3865529044 2667271541 1566857384 3331818117 2105615477 
 299873184 3481263718   89261028  492117525 2269606589 
1596044179 4178644349 2883946084 1831919056 3754846887 
3631318004 1175860737 2656020511 1973196633  957532278 
2107352166 1725040098 3748709209 1024534390 1376344082 
1414557850 1599221135  920575952 3627473443  716780548 
1774740877 4207436595 1787746266 4111134609 2814714798 
 353837738  362263951 2457731489  537957686 1430128615 
2334776743  410082359  520100537 1377827014 3133959422 
 240777748  102054259  223902919 3558704817 1886848317 
3968411809  346050304  690373883 1529004695 1012695864 
 648718794 3374864976  390743123 1664587503 3067624019 
2939614331 2418392802  823145107   58678774 4006777959 
2503932349  261895625 1276400192 1899704290 2149566376 
2896001244 1549043442 2259189175  710989142 2126327065 
3957061522  740772297 2199579302 1661208750 4280245545 
2783096125  384981324 3550432847 1214743024  576859762 
1185416093 1305995558  604128082 2941143558 4103649873 
3470726146 1363198232 1968480451  956690710 2601671462 
2976516856 2516776863 1757313032  901713855 3021479132 
1885115628 3420394477 3476334235  316450606 1899654312 
4190824197 3113090752 1203432183 3092986416   40090931 
2929930371 1561898159 1575088639 2455218408 3955583686 
 356940740 1600070686 2143245843 3972513402 2937231318 
2549841969 2698177606 1767248507 3251785250 3579946228 
1026789819 1393417885  538442918 3139359258 2379373080 
2650452716 2020205837  422943063 2766821422 3786108580 
3161865900 2159091494 4136199923 2727464683 2807704188 
 129011411 3867741716 4181569467 1952455242 1777735519 
1436983454  169937665  697390109 3417147133 2519299599 
1147345058 1172961223 3349862952 4160853198  593660971 
1476358427 2831865184 3209918819 1612715386 2687737067 
 863857523 3550334021 2988540682  848921819 3072935813 
 104157974 1555226881 3046616244  444864819 1243255051 
1223374695 2160953721  936577588 3118578137 2191637173 
   2007439 2454461625 2927164341 2344512859 1955688507 
2266422085  630712233 3137148040 3853588967 1413733619 
 871142227 1452624290 3425668023 1501717547   89173518 
1508053358 3026945336 2843896188 1920372862    3490151 
2419196033 3110174427 2530033027  433852987 1166089771 
2789605139 3267914853 1664169363 2735636915 4224772209 
3822860476 1619716599  292629314 1296952429   40904289 
2571641834 2002892555 2690557756 2909787283  885197089 
1063056595 2805802394 3287708727 1419250412  685340682 
4264696217  559577074 1906496889 3079363054 3105336173 
 463227757  169322608 3620552821  756163383 1131026224 
 949518377 3442949176 3730589733 1503101960 3374097148 
1118766890 3709787611 3272295510  102193920  584368613 
2567257147  625386233  702564753 1866840665  821311072 
3046881611 2660397199 1361344468  359470919 3529052621 
1124597392 1938093732 3423368586 1840907605 2001282917 
1416348295 1706814199 3477490169 2808643161 4013734778 
 750992795 3074398168 2509789448  914476561 2410439001 
3143539096 3084846845 4017523402  750961725 1687709099 
2356842235 3092286896 2705860216 3507707132 1890692052 
 353796214 4026349944 2101619722 3286412891 1280330655 
 192904766 1805413072  698516761 1446721297  881395940 
4242289663 1319787538 1810940044 1098789900 1657343682 
 419070290 3180012080 3479194631  243557403  570208958 
2507967377 4072867721 3803767661 3626523888 4255906192 
1177783399  422040871 1597135087 1833147082 2817664002 
1294941605 2466968315 2086008666 3804921579 2097087757 
 538955354 2468314739  762203758  602299431 3744836186 
  82384255 3912370992 1749529655 1377719535 2763290671 
3188888958 3427430662  204008088 3512703178 1598534039 
1392208937  449574726 1794240771 2498201962 3122162905 
1059434131 2956971652 1650652556  168064532 2856852245 
1099442844 4089277164 1215706205 3318199189 2403907584 
2961194143 3197740368 2937676556  141442809 3653164873 
3127854643 1137287910 1174804779   96802441  112374271 
3357197150 1113309138 1994816023 2407814518 1138060281 
1763885723 2535303554 3199987198 2846381649 3084454895 
1646663324  344210403 4221790888 3683670217 1255310831 
 443022349 2074075515  475869352 3862388616 3722695186 
1144333320 3499339134 3453908604 4020960816 2456240194 
2529486526 3696151518 1161628037 2450248466    8611550 
1232848681  195719489 3565061770 1577546485 1089576749 
4078169007  718430774  403842407 4237062681 3085614496 
2302517615 3420374224  815823740 1379708540 3721963403 
2840556526 1536373742  213324491 2191084713 3080175045 
2828492757 1358617229 1371054268 1770837936   91828110 
3815300419 3147887510 1324385052 3552885569 3402500314 
1013753783 3172187185 4204047789 1358211305 2059033520 
3732561119 2740842812 1848896031 1121105259  245314232 
3998825267 1774093490 2789558951 1069005609 2123083822 
 244181168 2861278923 3470275971  164403453  443623596 
2451492452 1344798817 3201252074 2590020328 4154627451 
1961273077 2680083115 3768651868 3885805595  294096124 
 486850774 1127465400  125632394  368350665 2259018132 
1139748110   95559154 1750807763 1880807221 3602494955 
4189491848   24760476  683562138 4167529558 2857198605 
1408118573 1303816682 2546441664 1485045624 2241706949 
 586470270 2606818345 1039696793  712157993 2531437090 
3242506156 2422152434 2409931873 3929799331 3099073267 
 574477139 3017510859 1486688964 3218517983 3275608136 
 987882840 1705407541  269378594 1621628071 1666128560 
1029869315  833316630 2501413172  369046314 3985105546 
4210929284  690976123 3192895399 1594384465 1999947475 
1802662999 2963920607 3455491405 3974714559 2425107771 
1121059554 2425859322 3961606201 2942900128 1118013123 
3697673488 1103198442 1884510657 4109271531 1851138095 
  20031475 2084116829 2336125886 1082487804 3871513203 
3010318591 2166096650  492815092  137138277 4082181520 
1817400478 3281618916 1480437456  152889217 2335008205 
1223853827 2064475776 1159400170  964325129 2745060543 
 622980827 3637277230 3859412439 3095647228 2053743269 
3070751168 2887844558  919343679  700206948 3322531455 
3253470283 2746409987 1978389522 2794105960 3077757477 
3406512690 4138504431 1887697665 2282455230   77021966 
2741221728 3934121080 4215311935 3018235877 2032094276 
1385175760 3675503534  306717740  139112861 3075455413 
 407656119 2209590955 1669446669 1786678196  241095493 
3414989896 1135183267 2631652729 2072816214 3135294925 
 544822185 3199286645 1262313659  248457573 2066164989 
2071596780 2603613910 2899855715 2827063419 3078171866 
1776532085 3352947555 1767122358  530231407 2492887883 
1638262483   61394793 1587214634 2986318546 2197370782 
4177512490  495225925  706901243 1262155864 4231359333 
3677952443 2732175369  470512637   33814049 3711538789 
1615783059 2380472476  985281006 2904333090  922469069 
2592797216 2856510982 3144909401 3288766948 4222675304 
2649416886  146901033 4267423869 2848227850 4229776146 
2606404424 3392534981 2546145791 4263530207 1674119195 
2623833278  295854582 1787938508 1020676279 3334049714 
2294685860 1993224052 2169925403 3359741603 1372617824 
1908419812 2281517436 3241726983 2308433485  719323620 
2515757523  930623118 3431267948 1187283906 3540468119 
3678912760 3997396999 3498206125 4106826675 2472721217 
2424511800 1071942287 1083033381 1625589310  249955922 
4266976616 2382189892 2790913393 4208943554 1003716619 
2582326878 4148157521 4175902464  572609273  589790462 
2411375936 1775301814 1466794965 2291874111 1806225849 
 878239785  913435317  238847134   98969607 2062730004 
3833844960  215710854 2843987287 1768272865 2533574867 
2244601462 2335506718 2893443993 3271962634 1863189705 
1046957120 1433103399 1047195357 3924847497 3435468026 
 615623123 3623837906 3494334868  467288359 2236697543 
 929082083 2921490058 4246652475 1281272806 2036814344 
 307943255 1859933019 2228844179  427913214  141792007 
3131345006 3442553338 2291315395 2644048435 2544234744 
3253475413  645718716  219837225 3691830406 1729290653 
1496508071 2188356947  685437903 2885730381 3811886299 
 515198322 4130098744 3474687500 2844928441 3686707090 
  11745546 1163302907  702925357 2261167358 1625597641 
3405037647   62439850 1416582799 3509824086 2164321688 
 680534483 3767933328  927989108  944477491 2808668550 
 884174339  544197220 2227588770 3835044808 3394164466 
 331352606 4275345806 1730231051 3343295371 3139880070 
3282006392  395472021 2390682641 2128902962 2428527810 
4067648178 3411274507 3346814056 2899851067 1624868173 
 875010809 2793262325 1907802141 4005860639 2010934948 
1921751631 1002254637 2731094522 1257606840   58815584 
3733473506 2171722485 1647487083 1813072230 1142668479 
 984191258 3772271519 3670784267 1882510059  657442622 
 708220237 1140729799 3907319464 4060715347 1876318437 
2858933417 1820607876 4015866102  144743917 1604410759 
3839924240  811121823 3065602757 3808838588 1918178119 
4251507406 1959849387 4046954968 1900279145  850801893 
3244820279 1372147507  936449060 2813595158 3135547760 
3435882165 1463000157  641620396  368004183 3005639634 
2750416310 1333572815 1773895722  896179350 3000020164 
1816773427 1612021071  690670336 2359612494 2646976076 
 363989056  585720731 1751860970 3477573382  221019824 
4286209431 1687146804 1011037507 2514439703  323083478 
3162391695 2864271077 3644965260 2160102929  204245478 
3989118498 3148576692 1047310131 1941734656  881253250 
3669181503 3576049597  530745749 1004655313  476473637 
 147160233 3313502122 3091743699 3995508226 3837939695 
 249675624 3551248473 1581059277 2095508529 4011075367 
2232698149  735953670 4217647425 1677522771 4180314720 
2583489156 2583442663 4028739476 3581832541 4015879475 
4010069744  715048516 2488455563 2152812104  667868293 
 206998607 2092292319  448434255 2744018610 1244239097 
1269811520  159378763 1011017183 1109989204 3231221189 
4243748923 3594834455  247670788 2766015955 1929302471 
 741635826 3590878634 2405523880  107043508 3993219492 
1481153038 2035061864  359996688 2260744746  780546738 
 153380969 4246076636 3429406461  768000503  165087011 
1910049193  823931080 1225859659 3422948348 1536406145 
4250288178 1111790339 2565707267 1667610940 1166195547 
1940244395 3396894481 3142890564 2651154773 1331801796 
4008464189 2895838856 1345678101 1140702086  697548148 
1701001531 1909794063 3982230469 2508050156  512058770 
2583280938 1994457385 2559309827 1175225967 3254980712 
 735287188 4242876904 1335605719 1754669209  729312935 
2490883945 2162409098 1177788409 3219001630 2999314266 
 138544320 1091221242  932623318 4050268455 3353875087 
 298883056 2968015159  496659771 1466559241 1648343951 
 122000131 3935323941 3399870775 2901893836 2247965140 
