SFMT-44497:330-5-3-9-3:effffffb-dfbebfff-bfbf7bef-9ffd7bff
32 bit generated randoms
init_gen_rand__________
3668471065 3938124162 4226228648 1183164762  959305109 
2236634761 1737928337 1068590968 3291811912  438989883 
3781999933 3563472944 2602217062 3696065256 4239318581 
 600000730  307966818    9789691 3596262746 4049798863 
 214000891 2824657360 3401599604 4084185957  241354882 
2606104362 3350316152 1210189242  956851300  428314233 
3496239949 2553393773  715503161 1503533865 2409071411 
3720288303 3163234373 1966474779 2310392540 2097191938 
2197028828 1059701116 4266659183 1774483317 1571386112 
2168327624 3672944477 3063369424 4223758748 3685829169 
1090539779  620035341 3365385515 4222182628 4183383137 
 594933048 3450871960 1352101656 3902914885 1731004782 
2760236537 2081803457 2570222764 4048523979  248156801 
2600643123 1817685073 1968293488 3576078775  981562410 
1805583156 1343375494 3164177767 2780605897 2076516353 
3788566596 4117756860 3367883848 2289329031 2921339930 
1743986361 1727106344 1833850427 3750676455 4176756476 
3138275147 3834722234  253290855 4159875912  333560160 
 289945216 3065004471 3119224239 3950217856  750566052 
1879854821 1079185965  418199396 3605518556 2475870057 
1215532958 3953209850 1069578365 2561700523  461233929 
 571306934 1665480644 2352745674 2333284139  816689027 
 521695839  577677178  925115487 3268605454 2925280507 
 818376724 2765037170 3387701710 2493131447 1373426262 
 957043528  231214681 1479541201 3677505186  418322763 
2780533861 3595572878  856130714 1300256770 4157344003 
3191677717 2138486720 1215914067 3687237744 1931891023 
1561352010 1172418912 1506554008 2031661455 2077744726 
4000638947 2157398374 2116801448 1167153875 3658311631 
2264923400 4086619644  238096042 2052176473 3721012419 
1083371007 2528909843  245849814 4293498808 3557294589 
 519744913 1054550756 2626726854 3385911002 3094744326 
2052448271 4198985573 3252308784 4251495372 2820713376 
  89026744 1343444563 2491264117 4015221172 2925816909 
4111900412 3806669100 1230222486 1968470262   52328799 
 634244867 2431822557  316017391  333253817 2768339044 
4003653076  940576000 1181928687 1147879332 3857662527 
4176040643  881145720  242444761 1224124983 4251960466 
2921064958 1447744715 2157496962 3832193337 2972646800 
3797899393 2430635309  463281550  820073350   96282779 
3054747094 2277108126 1914931552   79961237 1244810248 
 468360831  864476736 3168112817 2604375886 3752023769 
3822478969 3392767416 2707517232 4293931739 1194024122 
2563256986 3634780466 2800677793 1703243209 2301298236 
1934593057 3510926096 3984334374 3188915212 2799848510 
4007731498 2301115727 1383343593  286166726 1217889422 
 191404597 4219647274  178357379 1116506706  725250649 
4131865415 3983608816  770535705 3966813426 4025075453 
 557662654 4175024917 2563492750 3832556290 1870625229 
4196007234 1168212900 3516487257 1566560411 1548852392 
3253707787 4118892983 3863430210 3200390603 4054130806 
2053917664 3904403307  845564479  861714700  996396981 
1865180888  468309921 1413915976  632944325 1908083025 
1380877218 2677708929 3815178898 3910439272 3423348286 
1966664493 3937230547 3541458131 3056762916 2424045303 
 557061908 2943212109  632696247 3670035387 4077524513 
3094691621 2684463965 1824263502 2648204785 1288166405 
  78047510 1471683082  661249222 1951403822 1686323466 
3210289579 2759787000 4238366569  300775971 1932659812 
4024710497 1751327592 2974591301 1211502932 1872848709 
2867646014 2202022915 3686335429 2460518686 3248965230 
3856557812 1689347388   30556487 2723355731  153373155 
2560775636 1966083226 1838282549 3843502231  874259385 
3419152363 1597881641 3196758215 3198743754 2574241613 
2665414716 2918606421  957032739 1063315021 3938418125 
3089328447 1826591805 3821204021 1334787263 1150738420 
1814731952 2459596315 4178131701 2768857647 2315022757 
2578240716  491666359 2597859143  702138144 2286627628 
2754943374 1584816573  399610346 1347175572  518494131 
1304124989 1469415010  110390133 3771042229 3557573144 
4284386549 4211194656 2510057277 2306536991  711443859 
1533321010 1541982713 1073817423 1921756124  827772977 
4065010113 1603869810 2392272617 2114562047 4155255484 
1627005278 3771108335 2895984492  904975369 1733328370 
 709652621  530614145  460062668 3691684513 1299478976 
3836789414  486842819 1872267498 4070567976 3319570519 
2128277197 2388268478  240108571 4125625515 4270141283 
3644055815 3115455195 3822144200 3360812198 1037290037 
 909010578 4239505225 2829222507 1762355225 3539505380 
 238983232  474391724 3874036674  205757016  968202594 
3124476026 1222960157 1329830214 1090395383 2204442551 
4277701969 2328748412 1284334994  867221060   92017439 
1024793394 3450371731 3139741656   99876861 3601757810 
2586165476 2664361471  469681386 1677699172 1229428870 
 774289262 4202235456 2343626992 3402393540  830439819 
2191812394 2699126692 1908336401 2481705494  434428810 
3393783746 2815077229 2703098120 2025880350 2185716097 
 250306694 2879624656 3537556270 3215644148 1499821968 
1061450939 1776261558   16810303 4163970943 2024401413 
2772604644  901847589 2380032337 3456929058 3341693939 
1201666757 1563664807 2280779497 1641443561  700851793 
3264062932 2962816317 1603877007  177453634  467029654 
 332285038  587207529 3671911212 1277709384 3288458872 
2411528263 3426823463 3532671990 4134452986 4025767448 
 547335263 3164869181 3970808498   97375206 3356405786 
3098223729 4190773327  200935111 3954015694 1383984572 
 956182239 3809831195 3362013645  163750531 2424243341 
2093128576 4146298994 1906609787 2154154611 3668124640 
1766927907 2025241589 4222689844  100428254 1294821014 
4057102939 1232150499 1720414681 3965983610 2431630630 
3383370832  304453348  520914697 2951903556 3736806694 
3639052774 3746640371 2883128319  444821350 3276341492 
1992708679 3472126898 2697357850 2232331553  568502379 
2774444761  671721204 3508505965  237966378 4195028471 
2825154392 1125119371 3069427307 2209537752 3983536457 
 903433738 2520145936 2220561995   12907436   94760256 
4177472245 3752630479 1469918497 1041799071  704849474 
1235395033 1388272685  288911159  486367835 1443018700 
1800251476 1479959892 3700628490  599987231  111397546 
3309445586  394194964 3434451911 3859141113  576940132 
1552446671 2646402026 1879677356 4154520027 3039676590 
 120886928 3055291763 2506115127 2688481669 2474502957 
2632911205 1773984050 3199155193 1079287375 3662861927 
 460686384  396728453 1073792880 3471944918  719136261 
3283394898 3425628413 4104238366  463876074  162022272 
4130133370 4200448482 3351069702 4274221219 3903841308 
1701983564 1804655700 2726177665 4183879629 2078583656 
2755132613 3578527073 1515470958 1404769395  604115077 
 648361734  765091477 1486420245 3026361116 4010433049 
 202251369 2798176874 3827295270 2923565899 3934195075 
1353795733  619331940 3673734204 4129009467  671492969 
 396116589 3312560796   24100167 2963949118  731654588 
4023163045 1185021024 3755508734  238340499  562366552 
2294446540 1788417929  609470783 4135169103 3057117800 
3904842512 2384470391 2322551780  869908773 2071054519 
4025608343 2017359745  747884988 3506255313  814709863 
1109473400  670903697 3818189624  586014739 4031605358 
3932641706 2912737692  949208089 2535979868 3492127502 
3519759236 2907912894 1171839275  149869870 1551897769 
3388140819  530103856 1061165230 3843932369 2440047826 
3295199596 2308733431 3852368188  517851268 2437724713 
 609166024 1235745525 3792552259 1856620882  701654446 
 763346753  157367246 3902279574 2133026351   17361257 
3289613377 3673527696  972720319  825113425 4270860334 
3563897014 2736989862 1136644116 2834015816 2091856750 
2882295327 3688068604  764250835  666382379 3904626950 
3292192469 2261829517 4178989490  811424867 1055674996 
1739590022   91235693 1317700293  991872191 3872846511 
2212748309 2415463196 1679761841 2059549608 2396500149 
2872048880 2290246831  253301488  567254774 3000195235 
 934780318 1792446648 1741686869 4152856444 4099647021 
2977466397 3737476792  985753970 1099626078 2220150905 
3820039986 2727104245 1341851333 1166622599   76524896 
2816878482 2420005686 2796966347 1807652744 1106141956 
2968784517 3881748460 3620841976 3723856769 2730519008 
2812775155 3287045090 4190833598  264893300 2409752701 
1631108493 1631100009 1307937757 2253064226 4243107387 
 400043454 1795477000 1285395115 3789707549 3478508813 
 670359955   82110046 3062186815  736049302  791902270 
3013859461   89725297 3501974273 1327213906  720937231 
1558736874 2501022772  885956349 3634031972  247951155 
4246010942 1482542578 2045299900 3098535940  328300839 
1266315543 2485122502 2515642934 1941597329 2141425621 
 858009460 1800572110 2694121840 2907168710 3177698792 
3764081722 2989883712  620540482  625518192  716543246 
3317582704 2155036046  209487585  489137596 1948890051 
3843819351 2285115188 3919128084 3325426356 4154907130 
1997316562 3188326029 2436085004 4072050003  924611992 
 361545429  164330605  757417108 4237276716  415808197 
2078811012 1583856346 3808319704  578996186 1441176245 
2417150484 1938835031  891301201    7234411 1201514993 
2731743807 1146735750 1820386225   97698457 2790714152 
3848237689 2715879657 1024441545 2458068994 3453072562 
1755444989  716147771 3285652666 3788760884 4250706482 
 687645990 3028317522 2344486950 2997970741 4155340582 
1465732681 1386659782 2471813121 2861504206  919935469 
1785892173 3554336178  315273598 2517441760 1137546813 
3061951994 2342366659 1039911139  859018891 2675508108 
2966918334 3581057550 3850447785 4186090558 1991360108 
 362343044  563103072 4226070610 4074153608 4209763434 
2092329502  260176025 1226404159 2098258390  970009559 
 707151395 1915000160 1317604528 4042264273 2026976800 
1669450950 2280675081  355032296 1435313411 4288027938 
3112975881 4249994558 2023866087 2533310216 1508811118 
3916687231 1446316669  916164280  650128889 2908097559 
4184733170  147848713 3505797198 2898326314  657351178 
3239217236 3250003594  429788236 3659309536 2870420702 
2632220419  645284771 2098842906  348489627 1777817617 
1053425496  644535629 2139719735  347947737 4101346312 
3067206190 2822292569 2199011214  476949484 1119224820 
 775333821  554748861 4064902759 4266570770 1546548501 
2526237667 2803082123 1962577111 3305312830 1807838801 
2436907200 1651927029 1244830606  727876668 3232450407 
1104953743   92449386 4281939925 3380390821 2356276908 
3477029072 2150703187  763377102 3357720372  960125101 
3195485160   49716104  277963460 1681312873 2123240963 
2227465138 2016614367 2842184996 1192258763 2784706689 
1672627768 2660365442 1240803123  353830762 3372517974 
1965407360  954894947   40133935 1152324029  392954500 
  15026379  417100912 2261871275 1926518514 3638741165 
1110641020 2742698958  710920372 2424938611  145119866 
1406562238   90257725 1129334365 2205447699 1352826484 
2219220808 1814531525  772385308  117336543 1848169948 
2357308811 3863089713 2967687149 2764225167   34438731 
1771178970 2467406279   96500709 2427662038 1527860408 
2488803444 1920376085 2470587471 3097984093 3319609258 
3560925349 2481438710  485377602 3012935809 2728787840 
2537282231  487321294 1759605900  789200824   46017448 
1483092082 1895679637    9122740  635864575  320732971 
4253159584   30097521  839233316 1431693534  645981752 

init_by_array__________
 684975361 2487942892 4151500063   54722954  342503900 
2056596948 2988817246 4115463554 3909146713 2954953855 
2392358767 2805985593  337683357 3744843600 4062780564 
2849031419 3311297738 2073551555 2645431070 3521908773 
2525510316  563603035 1358376030 2464853050 2212361572 
1897669050 1341168415 2663496237 3730590905 2177714665 
   3708408 1017773362 3153611644  255331818 2371411126 
3779915620 1698275394 1470906491 1266552795 2841612460 
2099156677 1657011499 3832220803 1719456599  684450823 
1586753818 1074981324 1415783495 3674439465 2677731497 
3922465187  996394686 3895252050  665404286  563289119 
1619890258 1449533762 3120934807 2067107528 1055630497 
1032879739 3151004457 3542785958 4168316829 2519834186 
3306413181 3832405685 2257061362 2360361651 2322816283 
 936713972 3366713329  329082198 1237646659  461119731 
1855601012 2600763382  697883013 1302517116  932253293 
1600171040 3193927591 4197726818 2490578457 4130874991 
4242899165 3725337733  363161476 3084505702 3247499688 
 975533818 3710151092 2765291830 1421623829  914407309 
1845701572 4112553229 2049444703  991296597 3615367192 
2220595495 3878745150  857488219  902083463  114172732 
1942374497 2345473985 1959808724 2693959659 1873555581 
2480343508  287169754 2737441125 2258749576 2497218716 
1663030569  787017291 4076291104  710825601 1192142920 
3819099754 2796134222 1353840633 1375260846 2280539058 
3521884290 2790934703 2788957726 2565659212 4095721521 
3320649137 2699360917 1562966751 1130447114 2903910056 
1171391383 3497813995 1607965401 1935680607 1197803692 
 128258597  765135286 2169079268 2151663592 4184115523 
 775299448 2824961602 1399440855 1273632402 1276253509 
3495617889 1217642205   56477934 1590819929 2270347856 
 745605971 4048203448 2756166044 3004303000 3115093450 
1127867080 2869792922 2408572067  495574931 3655945042 
2123108497   51567216  803469706  690135403 1732397580 
3087105235 1841102639 1527639759 3899711070 2542743308 
1698985801    9350005  922919897 3978083185 3686269289 
2753241014 3700697546 2176984517 2592770926 3324127759 
3140135044  398927337 1995747171 2439522503 3235962603 
3314578837  948434804 3887275779 2903321385  879793513 
3344634253 3505357122 2888691656  492079120  693932803 
 999907939 3356399207 4022936501 3376323365  787569271 
 890637583 3301988790 2968470994 3218607885 1166122209 
 926291418 4099445588  778467247 3743982117 2022062016 
2903184875 4187830769  799823061 3221414271 3623859198 
2519869985  667057891  874655225 2518696247 4040370784 
2241464701  426790262 1763346894  488019312 3222126248 
4207331182  335346595 4226852268  276331012 3577109997 
 172016932 3817060878  779137378 1759784420 3768126519 
1060129497 1177151560 1681823301 1138043988  385137952 
3079606477 4043088157 3912726260 1705078374 1686645242 
3954418529 1550739145   82508189 1233872303 1731274661 
2614638744 3680529200 3822612437 1648886489 3761017431 
 636291140  536886849 1267695503  165271750 1218857469 
3796110535 3749066613 1421452984  485039738 3912706166 
  24258852 1646289630 2758488579  631040720 3446088674 
1690145059 2114593518 1102292481   20334757 1421842045 
3394074090 1354124663  987615861 2799990871 2174635609 
  34662850 2487615774 4182921436  405423782 3671831829 
1259386906 2221952747  434917264  746327640 3169535910 
2871122554 3292584106 2234401265 1320639855   19293933 
2970905356  715449597  562725345 3180272122 3052942630 
3720180016 3976109710 3374348864 1083429223 1386112314 
4196366891 1531536373 1762082785  846692171 4261231491 
2270559091 4186110629 4014655319 4096629750  897171642 
2974939145 4173036245  833494220  857259553  664876368 
 312038353 2414814982 3128523230 2940054013 1943209572 
  63223506 3351103993  966139776 1787218600 3519333609 
3366381182 2261216540  403616014 3631074671 1801703243 
 287742111 1047211510 3236430376  857724104 3913815258 
2173081363   92984431 2670026167 4211010100 2024406728 
 501007146  189488668 2141434335  324334037 1635101308 
2456311806 3374778413 2621277156 1609449907 1628993583 
 236437798 1292255819  605962801 1937844131  221923282 
2948575326 3454587280  971479933 3542163502 1697837850 
  32422817 3223284882  845152623 1584490692 3086530488 
1923024297 1455829718 4100655553 2542626342 1391459697 
2416406726  770691897 1162088077  446047331 2988521380 
2496235159 3237970291 3354753208 4208541968 4109013479 
 753355965 3076153711  724837335  497842836  792686325 
2799292337   58448095   72367036   93387345 3801061135 
 351535252 3480371512 4157060233 2986630890 1389831856 
1536904354  759093557 2168801837 2112892969  589384258 
4266026414 1591084529 2865362337 2568148776 3803893019 
4099023039 1523326035 3298237325 3957084972   60920028 
1098333253  319031688 2926386528 3824665159  364742618 
3272865002  300767042 2293701793 1604130009  774792687 
2620876029 3383211711  179271372  906536187 1393265969 
4059077578 3145239434 3249711767 2618421236 1630455841 
 485435478 2560017961 2605151120 1482891609  380322578 
1359433822 4079826681 3833759552  413985578 1920228571 
1773134197 2179571509 4078859619 2330769072 1733337870 
3328658980  832747128 1563770656  969223214 1840793897 
3659929592 3278579848 3275871712  310479483  400262102 
1770939224  437274814 2950215871  347749928 4019277934 
2320073534 2283017209 1023601518 3482767365 3902131696 
3422852160 2464812985 2976221138 1651023701 1050460931 
 199848361 3296851303 1459955097  771011185 4220052530 
1813544374 1370255200 4190864819 3727442680 3545208544 
1831809223 1395491272 2027579389 1669401598 2292078490 
 554108218 3274751565 1768284236 2079430058 1495165627 
1433502343 3054057761 1413762911 3405340896 2955704881 
3717955534  966755105 4005384894 1748340606 1037087026 
1614468879 1179006662 3923511915 4124386352 3443912930 
3500765253   12337586  666110904  969847404 3878185809 
2070954448 1161710505 4241205957 1337222355 1652663555 
 406710859 3136093625  803137086 4294390171 1011217971 
3531173898 3944724422   13297832 3728052176 3613185933 
 988598314  709061770 3060669882 1459547049 3504836811 
1060864165 4067037856 2138554249 3073017993 1041861495 
1447529993 1785141820 4098979843 1648224543 2490097646 
  65209449 3680651012 2693284107  984759948 3251406596 
 370590747 3243196406 1785731763  590283726 1963439114 
 176186720  175331635  575814080 2284386170 3442614813 
 603858074 4276303569  619129767 1394525629 3843731906 
2831203904 1314320458 2557431506 2568469869 1135134494 
2377656107 1071106524 3698650747 3291589750  519683978 
1914121510 2979993925 3994217106 1574831031  247704662 
2416291830 1016776283 3974839830 3180073839  803275325 
2543778236 1734477206 2553683793 3178076968 3367398574 
 667329297 3737662587 3854573846  561559009 2489817655 
2334454110  679269539 2349179569 3735225237  653957767 
3555137137 3894601347 3152974963 4139069232 2240781730 
 523688285 3166167015 3471800877  955125274  107478146 
3013140726 1640264073 3971825508 3490189286 2285435046 
3573578481 3250872938  744654755 3436231084  921129838 
 811891477 3607582846 2918438798 3246286893 3912591629 
1274726348 3514828575  475164486 3268749252  839610326 
 957142402 1667457940 3786171593 1270963994  580648699 
2872993498 2991141990 3425309289 3936025456 2158743955 
 384630373  517652940 3513584012  810054900 2745664097 
1570635852 2074484253  677606390 4009443607 1385781894 
2393669976  165686249 1496450589 4013865530 2290621688 
3385357180 2210629116 4148597911 1202809305  455672086 
4048940332  726424906 2269285382 3316666291  250231004 
2462114401 2308635961 3943593113 1266704610 1163967864 
 828848921  287923784 1938913292 1929880277  660026720 
1694073064 2327608261  686131676 3571825177 1310090872 
 843906573 2319937167  528434635 2049406819 3373034099 
2288595656 4123538177  820252657  271521983   28292127 
1239301430   58272310 3455007578 3839850828 3883402667 
4060701226  597088921 4078456301 2519171459 3626900665 
  52212125 3120331907  159131871  985166730 2236824863 
4060195572  217208747 3749149192 4269940571 1490968864 
 290092356  212271720 1078395790  306551567 3569154778 
3918766124 1715019761 2022281943 3894237181 1685061613 
3613570500 3884854785 1746685699 1974934664 3109086778 
 191094725 2026320531  858695557 1227189640 4209480691 
4119128751  469840833 3952391967 3525709291  531652111 
 917040323  590539629 3280239642 2289215332  569706427 
1889832844 3310878393 2396092275 1172707390  312670280 
3015965505 2063451345 3138590088 3591167004 4145089791 
4168674656  166403028  856460074  859310504  822163878 
1867811711  841721884  227849240 3851247325   59916961 
2590964017  122077343 1907758232  610616835   96783291 
2650533543  837605791 1082097965 2010518271 2620266369 
1066209021 2534182964  779292692 1298963853 3611682883 
 362586592 1849409613 2833380477 4018736478 1881193151 
4000743062 1789015738  325371520 1626243809 3545161922 
3098959584  293926097 3748930635 2379584738  310424004 
   8219353  191285632   72013098  508867080 2524106895 
1173604872 1746821946 1299664703 1489155837 2736533793 
1878394623  235447201  876569140  777848722 3710031465 
 445308600 1306046325 3169511728 3002405582 2906319429 
1017065573 2391738845 1632204455 1915589132 1293139389 
3955649589 3718614309  900446372 1404116789 4000130860 
2484929064  912006813 3525225278 1613317968  537734584 
3958185848 2349727129   82304607 3017584172 2177195469 
2911722307  425625638  334461051 3251097319  934896212 
 800472108  341276622 2700905245 3990616448  641387636 
1209957780  236027388 3337048604 2312820416  450262488 
4246816041 1990087069  621901267 3761510927  308535352 
2423363391  799259935 3536255815 1517219757 3251042517 
1609771552  670418175 3004508582 3801331787  674369786 
2459102211 3472827872 1524857071 2981241625 1209482347 
3507570951 1022898042 4238119858 2990929867 3737869670 
1783005784 3956102596  893145358 4248333549 4126981715 
 970294753 3782823697 1793671802 3583687220 3562326438 
 444934810 3248763868 1065283618 1661369025 3056949600 
 706764867  575458674 3036992317 2163501640 3381714343 
 595721710   77458567 1149744974 4225463217  971933200 
2874514061 4247146911 2846911276 3472989449 3618689153 
3136621753 2220597035 2453395120 3166114260 1419856729 
2073563868 2232629242 2665380307 1831624028 4065571792 
3228887488 4052810701 3673096883 2782398940 3464368053 
3976902066  214378622 3144291184 3831753728 3426318004 
  99629543 2579257929  175451450 3145770440 3980286744 
1987265694 2631682253 3240699503 2911487256 4215555091 
1907916097 3068515022 1214348574 4087495565 3841307810 
3133855061 2896148255 1452464920 3295295973 4014205741 
3983387873 4278530705 1285590983 2486012196 2645424275 
4088015497 1011201408  956627565  104107756  249913506 
 879980540 2505016230 1144832662 3262987074  853625579 
2545491673 1607844245 1657493894 4258031523 3494981418 
3245738256 2872824830 3102640800 3934790280 1215485083 
2165576981  691171919  890142672  320933457 3933525051 
2492443562 2246064783 2661424963 1581891487 1271384172 
1461803060 3471828900 1332453373  288105585 2299919311 
 167904102 1820959195 2866722432 2052650573 3406613036 
2679795393 3278648081 3378363089 4164467575  726954514 
1866835396 1199611926 2185729502  274315749  453317054 
