SFMT-607:2-15-3-13-3:fdff37ff-ef7f3f7d-ff777b7d-7ff7fb2f
32 bit generated randoms
init_gen_rand__________
1196421539 2865311212 3866479472 2692900087 3838928621 
3188765817 2751632982 3712143069  549918413 2026167923 
1600383423 1164248707 3597250909 1646078700 3597866549 
 738391729 1195673494  320418194 3419357688 4060638541 
3132037965 2907853147  886556822 1640020536 2638235623 
 538643813  513603633 1576774846 2624061267 1520310145 
1556074285  274920712 1875395000  435607661 4280948541 
3881013247 1871389704 1386666007 1521983728 2017380625 
2474071325 2968934185  563020868 1031564816 1981146826 
3652334148 2471529270 3572107826 3394691737 1294344698 
1209143334  488934364  347248244  887759301  539745038 
1564691999  177466989 1195243631 1676525668 3463273900 
2472936126 1317767033 3326192931 2206926957 2159193172 
3015304372  507778107 1649225853 2398850965   68775227 
4014588077 1498704485  513323460   58006716 2206203452 
2002124206  639160438 4021083080 2900290131 2631574044 
 809863548  620952881 3319558763 3208741780 3168227511 
2806750943 3328453134 3734687450 2975600227  747454709 
 382480240 1540538655 2520181844 2067407551  839678855 
3109877890 2876703613 4211018088  271968959 4231105707 
4158436362 2633767851  123617477 3990029657 2933852587 
1087074084 3643562721 2264260651 2862036524  820629023 
2559932954 3033951441 2454257183  268259955 4254748684 
 218177143 1085516335 2920669698 1369673038 3625847514 
3583791905 1549519964   92244746 2981951799  967416236 
 566673899 3823379343 3518440609  294612836  809034584 
 798567885 4145592634 4231868868 3923949552 3495405505 
 644091345 3484678002 1853985452 3562224034   77701257 
3985811366 2659094691 4160649567 1459273375 1206850698 
3515893001 4056739495  790262694 2170353942 3034023845 
1866606784 4108583244 3572767766  371629668  531290358 
4145080668 1681745291 3478318575 4265672250 4191849287 
3754770837 3787018798 3348570561 2359911217 1070488654 
 826188262  477544520  947161014    2815522 3598852264 
1723251845 4216818156 2269301827  341913345 3279941709 
1878860471  188578809   17554473 1797301125  796821606 
2518597957 1585735274 2861932133 4183436883  448055123 
3298281906 3858433023 2571242096 3320122719  264595292 
 951235594  302531725 3575697071 1565107752 2522984875 
4202633183 1343074970 1235668833 1052216889 3271484119 
1140051640  840134111 2009138304 3684412213  136414981 
2012147313 1721331717 1010475673 1242059377 3846082391 
 286635302 3464127941 3186894905 2873496456 3708705635 
 386739807 3768476892  881122115 1344888238 2196649106 
2408339015 2393724110 1409957917 4104329509 2732352324 
2245622770 2916279499  701367106 2818152461   97304239 
3868078005  181298085 2441965305 2924255565 1736376205 
2030371109 1197039000 3051970155 1337824902 2418923493 
 719072282 2447965011 2277636191  973455679  428543080 
3074528064 3081528202 2348783902 3291806189 2721462254 
1737336288 1671654558 1441380353 1414369745 3351091118 
3928797055  896415492 2615565720 2713114846  584692028 
1724505320 1369217050 2559792910 3709802790 2040574736 
 227534011 1328228308  433874042 3961897210  771527286 
 198818939 3489199083  997406006 3875971072 1806983272 
3961027289 1466189037 2322556159 3085479121  588533000 
2853731837 1306826309 3637561520 3708154266  943448030 
 360656311 3945855398 2606313341  492746354  487036034 
 164880756 3008148136  694325965  495409668 2864732455 
1814111757 4103554862  198926303  105165497 3097624350 
1943362337 1744306457  283634577 3092757275 2432009022 
3866690395  420956813  993852981 1455918011 4183606539 
2402504661 1683628286 1488936951 1818364464  382298201 
1911628866  699255764 3799985705 1363369809  881287919 
3577175365  552601418 3741886622  305397376 2138779629 
4245718058 1205661334 4050018882 2318877696 3098578905 
 511547863 2885006216  490558514 3342443666 3844780113 
3928194260 3879215495 1686207582 2906132996 1706797624 
3109314274 4273956052 1800863504 1207283183 1014386912 
1561444908  352645098 1708224450  488939896 3603991658 
1268297587 2483677019 1850112684  402212578  842568149 
3446271276 2380490792   28975013 3897647126 2877536437 
 369532329  490951577 2722903043 1958796242  683558750 
2306940213 1726077572 3391815817   98312053 2120427142 
 366014292 1325639565 1289879472 2265886217 3145790356 
 849278833  958196703  601367739 2218681360 1708472466 
3293000197  385381018  229518574  975826905  932862824 
3146025764  555913496 3030446353 2770044246  332991182 
 550073358 3130908017 3133667774  699686924  905020778 
2912691769 3284668840 1637231207 3413427200 3829933899 
2113281635 1753924041  497020896 4035187062 3330583188 
2341641279 2253354324 2906635077  748051051  210730258 
 275218493  370718452 3144507848 3572627242 2692586737 
3486799665 1415002017 2588197742  501158979 2216606388 
1959825514 3185369722 2743195581 3687005779 1584912299 
 444300290  665178297 2006322838 1889764006  561071313 
 101299867 3846697354 3376497938 4193750324  485450541 
 112718035  647550319  993795105 2820891562 3362348389 
2213093823  651858971  404350990  651498925 1504867463 
1900818130   65383700 1801919137  913649123 4269928469 
2662476766 3793173264   26869762 3499650644 1138980334 
1210199539 3362506186 2669170795 2949927941 3141248460 
1180911127 4129171431  504639688 1496063012 1709808543 
1689525624  878130828 3295985334  110840315 4047467918 
4145280016 2916569199  326683517 1768900673  595930005 
 324306786 1487137920 1124568703 3905978779  874730000 
3362468830 1397446833 3266311377 3560923693 1686697729 
1611392216 1627916880 3277255568 3443621164  581117864 
3719275683 3152667205 3675000896 3013638834  843597249 
2152932257 1940348938 2929823468 3096595336 3038582797 
 101884686 1840375592 1696430022 1979618902 2508655378 
3652581760 2542935628  404289830 3576446993 1809618356 
2402816497 2191713724  251469888 3652982646 3824773957 
1404879064  890695911 1904137674  662695577 3637070531 
3429921890 3594169910 3908626306 2264799861 3278108366 
1909713562 1640461275  867660486   98850410 3533713494 
 967115761 2269650721 3055851776 1894514802 2427310710 
2227931808 1050719741  510803189  522828620 3737103489 
 412000758 1398291763 2080584852  626153494  799093460 
3694215698 2673090626 3654915943 2930921591  647525186 
2316225776 1841613610 2942111578 1876524150 1496398320 
1104088489 3699360346 1539132782  184588763 3648180059 
3604669131 4157568956 1806964100 1417720133  931983072 
1968834098 2777088770 3873851830 1639173983 3543685261 
2065189356 1670581940 1223855034 2989792629 1809977097 
1875811443 4227562332 1670476847 1154758869 3427236995 
2498400797  319241644 1035366872 2947128631  267667087 
 226905755 3630268752 2665165917  449770512 3479613272 
4277953704 1304491129  246429665 4048627658 2335248253 
1721534446 3668219108  602606507 3606778707  217078527 
2462010980  189731322 4035734287 3051995431 3436042452 
3848332279 1303716288  596895220 2847087526 1793978879 
 789845679 3334761386   42259927 1988218208 1853172342 
3183943116 3115896099 2056268624 3565828958 2109847845 
 300329982 2438778799  624201808 1317928914 3709443147 
4282631257   79828958  674413184 2640064881 1140557428 
 107481386  833132031 2398620479  397057326  774701723 
 995399905 1688672626  212894658 2737370723  342159914 
3385239441 1387048271 1510776561 3854320253 1968630255 
3637445533 4055273425 2299077287  872799104 3124137491 
3615758003 1610473012 2470285439 3365937560 3074678675 
 895982664 3893733617 1510510873 3526687491 4041708170 
 748592940  372467988 2974139083 1369552376 3713393131 
3318567727  647786524 4093984756 2006863617 1163251866 
4253272489 4107786591  116333398  604910036 3311731128 
2440943214 3244822569 3636790172 2255133710 2433025708 
 112787416 3872548227 1233516411  708924037 2361018962 
2991368295 3303324385 2842011707 2178207559  249606939 
1222683236 2134069908 2078591261 1295550828 1306098784 
1458823628 1817292410 3760004583   97971808 3445630818 
 822646021  844827188 3065031254 3166318126 2300983832 
2251709321  274267653 2243231555 2161236475 2282271118 
3921858132 2497468803 3158556880  561740411 4265883388 
3061471540 4270596555 2022091249 2719052497 2214320191 
1603495991  379616965  599003062 2115484688 2744216056 
 565061522 3923412445  413733948 1867786437 2706231924 
3894232783 2637135933 3590645480 1769525659  135784527 
1117351223  187646255 4243744512 2831745988  180521176 
2966831424 4153583784 2368395432  710730097 2303744468 
 777615683 2586293103 1425694392  337023247 1130138042 
2733619416 2409353045  805250003 2445772358 1632125264 
2453317804 3914037689 3496190539 3612800316 2252268118 
2341251035 3326391324 1710159132  721335093 1830725060 
1630477302 2976298625 3053349000  222793695 2587918576 
3747179265 4000911840  336544219 4045457953 2050139410 
3064640381 2955225409 2817679824 3223027060 2303893358 
3840287987 3632674894 1831319195 1345007230 1225184526 
2417981680 3117819471 2859843506 1056817170 4052116406 
3872183733 3514499807  813274787  936349377 2007359068 
1253933179 3155500873 2096329073  546642626  665475055 
1473073709 2332233324 3323558320   95879818  492840830 
1920696869 3771395899 2576038047 1011453165 2681244132 
2476955960 2463332109  781125076 2028393533  204521083 
2320272404 2809583732 3289108397 1856267893 2391018094 
4028779855  808977986  153155498 2319616370 1309228705 
4028797170  610769874 1121362138 1981447595  325339652 
 610241177 3475612926 3872224904  122718344 1688488846 
1278996204  209382475 1919230322  386052258  396279010 
2576119162 1178251560 3232629172 2789003460 2962389702 
1481114042 1760721525 4036142681 3670570725 3117283094 
3165032966 1646380023  498747483 2252669427  822100766 
1101134705 2930081282  637591399 3040829742  137805365 
 428511268   22457782 1702963968 1038479242 1046427834 
2336657358 3197439937 1581079844 4114478551 1775898469 
3625286893  990848125 4208853553 3890606085 2897119912 
2729414723 2008262926 2899578180 3513543681 4120965189 
 217756721  526680465 4229365288 3483579946  172878397 
1775988343 2701094379 3784563186 3013726534 2918169775 
 548996991 2854852809 4162015982 3274014282  338197965 
 761382689 1064834258 4001550105 3350983253 1407587469 
 317254599 3248232859 1290091253 4011651573 3227939736 
2850615130  821598723 1808321986 1349876116 2429344939 
 249734354   99269121 1110843241  521462481 1129183658 
1366431504  773209265 1685383896 2218488528 3584750972 
3746609454 1646222603 1918617018 1626226587 1880734214 
1725948264 2071663621 3057073805  103432954 2431529109 
3091943973 2611245506 3584837020 2903196112 2004742767 
2043894142 1407953274 1474555657  152707034   93618108 
 783046825 3820152174  344516296 3292970244 3114538551 
1711409885 2567261312 1707970454 1171700617 2288151849 
2099703889 2664895095  375598407 1308750054 2910310386 
2392426188 3709863199 2150655288 3819094880 2063093521 
2228295690 3368794217  610202037 3890104132  851713523 
3310255686 2582885461 3505584812  160527117 3237023579 
 683953932 2499798882 2795490813 3691528275 2319728878 
2978139121 3587229750 1552802700 1555487280  249949761 
3800715047  349143205 2118420903 1423850027 1806771672 
4126288455 1829726551 1635451152 1509683305 3394280785 
1318548553 1985957974 1367744196 3463392791 2780736231 
3894488561 3157036262 3491812767 1724574180 3645035493 

init_by_array__________
1556592192 2713881341 1840174392 3468073604 2004354026 
1304494515  366015052 1011850603   67279901 1051755907 
1308953792 1479381587 1197340276 2749666614 1052362076 
 168556043 2392613760 3444358776 1926822224 1889847275 
3381829651 3127256300  575892644  690779511 2177747339 
 876361305 1258924403 1843502566 2615657527 4126312896 
1995725090 3314751056 3983944544 3639584965 2937574811 
2317092480 3919684981 2516099471 1540111829 2559931611 
3884249792  297435776 2215000335 3831860889 2332779987 
3771083128 2982917666 1289897207 2760622557  669535824 
3936118862 3080364742 2880890828 4053594458 3802721715 
1540829749  118351242 4275259452 1646758339 3671481171 
1236634677 2645527235 2562942478 1347268862 1297927267 
2057465222 4134548012 1663980978 2955981563 2196700436 
4028526500 1538256092 2628052013 2777368251 1222279597 
2555975830  300176348 2145743946 1323578746  100427171 
3726128684 1044809119 3590086589 2617649711 3493503829 
1511057261  162787675 3301664653 1545579015  431280049 
2853789101  882465036 1950759228 3393129265 2160602242 
2727551730 1706287957 2838736133 3145962937  936223657 
1018931109 3208024647  825834480 1644623576 1699087361 
4252038431   45500998  850117698 1871595684 3948521913 
 617638223 3658742302  484443012 2581115585 2640369858 
2904554187 1759213578  626588168 2108795136 1662136808 
4245639883 3855741236  184411390 2730827585 2514070377 
2871180667 2751576522 4279016004 3486055042 4050547537 
1925322977 2299933396 3340458091 1624389220 1595119545 
2146273476 2694418184 4095728020 2692711813 1326086380 
 599457867  779504759 3679544128 3753749243 1663274771 
2299160373 3580891083 1859575966 4228385133 3261029369 
 695799349  757696528 2731276496 3655816581 3079602515 
2143052304  195651560 3010985352 2360090997 2460054883 
1008575913  680965846  933678835 2664829675 3574567239 
1260731953 3639664216 4185254176 3474803226   40909797 
2776750904 3381944459 4076464616 2976399875 2082668522 
1598726088 1734386267 2611279300  311205417 3201176228 
2893289137 2797032131 3238017077 2092301401 1034273519 
1594528635 1387314785  662922052 2201696947 2923335212 
2001691302 4086698764 2369139061 1161293709 2762333179 
2662554687  441789430 3882191772 1090234286 3032622786 
3211037413   84667620 2486078138  907175135 4065918788 
 702591331 3029424030 1371185732 1148570789 4102140991 
1749582049 2932276825 4275102115 2213736392 2771782100 
3728394678  490178165 1142566982  739097413  307975374 
1806950837 3482941664 3376674231 1139030188 1555369950 
4225610701 2335363123  157204999 4293004658 1372903021 
  94129649 2527962256 2262382944  317501595  159987373 
3134579863  542363170 3321915644 1606412388  775721925 
3574943011 2461558839 1599787942 2798340814  608716087 
3178427745 3985211542 2880905942  386971705  474882803 
4291702277 2546092383 3359045870  295135838   79296164 
 158785280  805773175 1092883771   40230847 2229695891 
4005864302  369523482 1624215995 1381575190 1726775216 
2214858332 1436336172 3897680116  397583087  669286525 
3287180651  943956992 1934103213 2476851219 3288209383 
3681612823 2865943811 1954339107 4117844749 1843974779 
1267008904 2658133774   44899186  755345233  686968410 
1521676891  477471911 3484034910 2961029682 2395398949 
2134539233  724312398 2980142509 2229312550 3015342419 
3692389090 3253106465  599588717 3901588102 2808797698 
 411869396 1441761210 2752638839  285692855 2657232529 
1338089778  642485740  946549366 2125760281 1778513071 
1595296458 4235010082 2660035414  327777864 2926366692 
2931249289 2495474510 3876711805 1685925498  231150709 
2958482926 1971683076 4079743342  748560863 1887203170 
3220415930 4121053773 1588037852 3581847110 1012143696 
 779630500  442260588 1745834896 4067857205 4129456946 
 154033209  660650104 2871872439   56130217 1455233133 
1962920819 4134320395 2388115110 2136692741 3666696255 
  24896330 3662800383  777053154 1406737975 3399473000 
 602143869  125932812  217366196 2101891074 1779033414 
4200432798 2683028545 3623312792 3653437900 4193268247 
2911723447 1513559233 4056045416 1675540301 3171641093 
  46860421 4275427720 2536235218 3763038404 3839875348 
1817994307 4224499090 3348832099 1175797126  900920824 
 989697993 2391175418 2379211744 2740068049  633981162 
 936041259 3633858468 1801734952 3395137285  444281683 
4139311686 2592788790 2455135746  631339200 3847460057 
 445228257 1520487218 2685955887 2154370095 1239497087 
2522314627  277166598 1861562672 1320104828 1957660813 
3906785664   84531427 2373255275  192060126 3566142336 
4091831891 2210606995 3718733452 1840881409 2052909453 
 507369601 3355435953 2767829533  404764671 2105227200 
3838201187 2539918099 2026220113 1455844682 3746975315 
1096911848 1224562255  379067298 4073739285 1423209946 
3447333417 1269625850 2066300766 2869355360 2117956727 
 921477967 3913819321 2993262661 4048466912 3321625084 
2514494509 1899020827 2617748077 2825275571 2652230110 
2262498157  695237212 1890351188  254707354 4107111399 
3209646005 2560392237 1714108466 2123120224   36734592 
1762117499 3429054523 2802979686 3468819662 4052485302 
 607659670 1392665609  148102101 2057122833 1408599635 
 404849067  337151853 2259179235 1450297807   13037092 
3560908091 1809049720 2958361884 1897612139 3095752630 
2549311506 1971758214 1602398570 1683338829 2789927009 
3767015724 2346243151 4123552368 2567093056  203200826 
2360560686  114672545 2952878555 3580479836 1253681850 
 207028493 2742443921 1217910520  444724257 2402025906 
3276700120  409810719 2560033210 1603048388 1813071228 
1470593154 1745253272 2195212307  377190361 2328288183 
 401382585 2450634194 2006291461 3825372027 1722367338 
2692832577 1050697614 4119566598 3028428293  101061524 
 915217911 3408472996 2965960632  847616616  355432445 
1075726646 2378879589 3516710254 1563294375  424413191 
1111576600  835097676 2434532301 2607859622  941446560 
2251966337 4260262135 2422487394 3720498193 2910310630 
2301973528 1940810754  344319114 1547152173  640456954 
1074707927 1834890322 1607982657  417992674 1090397871 
2009422622 3191440508 1432705879  783663814 3796644066 
 791779766 1508136140  335075191 3979612823 3794303784 
 238855885  446618201 2790581314 2833699754 2009297696 
4194656370 1694699230 1271428251 3724397074 1608472508 
 142528536  997716174 3803341249 1128167233 2687605024 
2625356025 2055168913 1594254167 3243768967 2564427840 
1281827896 1916378262 1641520660 1963068911 3272856472 
1178319485 2921090963 2977623121  535152467 1044304423 
 901561798 2424344635 4221077707 1808585834 2755513906 
3355577025 2438113106 1649093895  568063824 1173751673 
3951226879 1928825599 2356443733 3413904573 1739787840 
4270093290 4130641756 1684246347 1023035457  550970779 
3290367637 3743204221 2421963305 2482593584 1996236391 
2455170315  162039676 3393556387 2116827952  376133197 
2921810488 1254918826 2449953243 1968684081 3354383140 
1370643236 1770810819 3603108351 1485228068 2524941749 
 809600614 3321121622 1875866389 1706152319  299551028 
 977280966 3007045557 2180066992 3741215075 2609076651 
3359153717 2000559785 1034425798 3553206650 1571671634 
2049056120  590790859 3246963209 2774711201  765394947 
4286794664 1661649947   96550471 2598119254  146138455 
4242668163  102790499  585811010 1167123242  203713764 
 456188028 3168161413 1807786708 3220206279 2508484604 
 624550581 2637177121 3241105352 3843262209 3747737858 
3076728900 1467914958 3099613203  878511215 3838000079 
 554463654  673201757 3805957607 2364115996  283960872 
 621872052  523765086 1975138089  733205552  849951398 
2449654800 1262858164 4071152536 1099282290 3213619352 
2540257149 1564432552 1928011443 2745777573  480577109 
2919947635 1906916132 2602859872  748271270 3183487421 
2779529741 2141777137 2368763772 2787238865 2449111643 
4098749624   80885680  927736798 2796906309 3717377139 
3495152189  507003952 1071984666 1356967752 3768351186 
1248595023 1604471054  754349737 2385813735 3824816244 
1832713010 3042912486 3444161026 3722439852 1102219726 
3635252707 2479114205  602394730 4165973019 1757739650 
 290838357 1951647351 1383596666 1704648841 1054912780 
2835686760 2486021870 4125857188 1651556820 2109948316 
 307218957 2581812831 2860961938 4235291043 2180932086 
2428540824 3855477946 2993328505  818228660 2717327011 
3278006137 3046951748 2118245185 1671287569 1808293087 
1639141986 1614709642 3102980783   80946040  156132284 
3273988635  463704798  443458026 1350781302  162942451 
3240980847 1096304380 1244482180   18815122 3128268952 
 441792506 3796914178 2664051115 3199159047   41929707 
 885197932 2266128873 2987789757 3379864480 4182706709 
1200872350 3283870806 1655889729 2985647331   18874732 
1544173242 2649931979 4089915939  671308686  959190883 
1969903421 1432216572 2463884262 2995132517   97025504 
2858545788 3015887053   60915684  174291011 3462170330 
 991244574  705674783 4267835414 3543140859 1415906014 
 956368536  176110722 3247658272  673487243 3645377817 
3861037016 1723622684  961347192 3516470162  695627514 
3228936384 1230738239 1859810813 3262871388 2362347996 
1968586373  265085439  644084010 1001415002 1333790203 
3517737980 3195724787 2265754813 1845182455 4120730508 
4290541093 2886015724 1924732003 3999671706 3838402651 
1981035560 1643352826 2170070968  726214772 4077433186 
1602289983 2741116677 2355817517 3400587509 1820368051 
 577116249  869934995 3620362636 3057237272 1977100821 
2041319904 3970370837 2843947037 1629161388 2103758655 
3787550875 3684856700 3136178047 2681908188 2857917430 
1120834666 2239870052  905409072 2964581312 2067602345 
2705035383 1100673578 1619715848 2726873618 2823831567 
1398204160 3074693876 3941921311 3987811376 3137528005 
4278780713 2383373510 1395190952 2007030616  698489535 
 724495519 2542942239 1633306940 1924685933 2351551465 
3393733686 3977993546 1981176475 3407916967 2246791509 
1167114087 1200105585 3939850748 1979047945  938015226 
3794154494  257644866  195309899 3681716935 1517319699 
3980402282 2417540492 1040716686 2139866247 3461903022 
2718025409 3735779798 1335999149 1304186696  859875403 
 364456909 3018556848  821525018  675165687 4189447268 
1652928276 2954511997 1515584047   96669577 1767449383 
2584965196 3789809599 2992874174 1936010922 2382026211 
2417057736 2161138556 1717127568 2363543864 3622553290 
2418648935 1575015841 1401096459 1013762322  390785017 
4236163519 2722095626  292053172  535701659 2441697597 
1269979192 1847939069 1720949988 1252649200  720837751 
4284728874 3153810484 2969469487  536339527 4268928374 
4108017776 1249838852 3375962852 2022128590 2700344542 
 923640229 1461565844  942318758   92486581 1163645995 
 684876949 3241807576  317693855 1298234403 1163254400 
3525767463  468056238 4080096339 2399926912 4043250518 
 435185531 2977625717 4139974839 1004735238 2082093241 
3798956451 3160950934  469248200 3593066883  294156713 
2060665322  225533871  240630624  988450315 2646753624 
1521876974 3761205673  879347907 1577977838 1502071712 
 816635195 3796095593 4151953092 3636831062 3259976164 
2787187451 1311239585   49123830 2987307464 1290024926 
2746445588 1794262040  396903876  232876554 2682545876 
2518876032 2415705441 4058432246 1897269176 2249840353 
